2.5	1.0003506828905872e-7
2.475	9.570401523879617e-8
2.45	9.131556435809493e-8
2.425	8.68587023233203e-8
2.4	8.232930036608309e-8
2.375	7.771952223244585e-8
2.3499999999999996	7.30175530901614e-8
2.3249999999999997	6.821653614984815e-8
2.3000000000000003	6.330450384786797e-8
2.275	5.8273679811303916e-8
2.25	5.3112455788845565e-8
2.225	4.780885152137159e-8
2.2	4.235143430865465e-8
2.175	3.672666234295367e-8
2.15	3.092368363015038e-8
2.125	2.4924793065087428e-8
2.1	1.8716601542033555e-8
2.0749999999999997	1.2283496929177674e-8
2.0500000000000003	5.606329751881411e-9
2.0250000000000004	-1.3277026287040187e-9
2.	-8.541322914297402e-9
1.975	-1.605672676958242e-8
1.9500000000000002	-2.388876652199511e-8
1.925	-3.2065641368910727e-8
1.9	-4.060453467397208e-8
1.875	-4.953457207633644e-8
1.85	-5.888193522717143e-8
1.825	-6.867132984974796e-8
1.7999999999999998	-7.893947452687011e-8
1.775	-8.970994164078515e-8
1.75	-1.0101987837702426e-7
1.7249999999999999	-1.1289631151235413e-7
1.6999999999999997	-1.2538801762618808e-7
1.6749999999999998	-1.3852860053791472e-7
1.65	-1.5235975846583143e-7
1.625	-1.66913377122498e-7
1.6	-1.8225929744144746e-7
1.575	-1.9842389060659674e-7
1.55	-2.1547346766924945e-7
1.525	-2.3345393873023037e-7
1.5	-2.5242009736085516e-7
1.475	-2.7244648622839914e-7
1.4500000000000002	-2.935781153891511e-7
1.4250000000000003	-3.1590030259337734e-7
1.4000000000000001	-3.394792908734591e-7
1.375	-3.643929061155596e-7
1.35	-3.9071153700168655e-7
1.3250000000000002	-4.185155526792159e-7
1.3	-4.479180541153917e-7
1.275	-4.789923064751082e-7
1.25	-5.1184668827199e-7
1.225	-5.46591220749514e-7
1.2	-5.833384156945268e-7
1.1749999999999998	-6.221704174824885e-7
1.15	-6.632690913193808e-7
1.125	-7.067131925442871e-7
1.0999999999999999	-7.526614347992482e-7
1.0750000000000002	-8.012745318199363e-7
1.05	-8.526917115446968e-7
1.0250000000000001	-9.070755607911554e-7
1.	-9.646016277349651e-7
0.9750000000000001	-1.02545045465407e-6
0.95	-1.089810003903697e-6
0.925	-1.1579059271934915e-6
0.8999999999999999	-1.2298895644820493e-6
0.875	-1.3060622238933444e-6
0.8499999999999999	-1.3865913994425176e-6
0.825	-1.471778163282783e-6
0.7999999999999998	-1.5618593250570193e-6
0.7750000000000001	-1.6571301719447167e-6
0.7500000000000001	-1.7578542807504844e-6
0.7250000000000001	-1.8643995946496344e-6
0.7000000000000001	-1.97703157061103e-6
0.675	-2.096128060382906e-6
0.65	-2.2220229259089973e-6
0.625	-2.355093776385929e-6
0.6	-2.4958008476529274e-6
0.575	-2.644486464331263e-6
0.5499999999999999	-2.801708767694631e-6
0.5249999999999999	-2.967821372348728e-6
0.4999999999999999	-3.14339532109244e-6
0.47499999999999987	-3.3289017713001577e-6
0.4500000000000001	-3.5249115596101716e-6
0.4250000000000001	-3.7320348308469973e-6
0.4000000000000001	-3.950806196031984e-6
0.37500000000000006	-4.181982909010919e-6
0.35000000000000003	-4.426139890708505e-6
0.325	-4.683983710915844e-6
0.3	-4.95635299051678e-6
0.27499999999999997	-5.243978184611217e-6
0.24999999999999994	-5.547681252367332e-6
0.22499999999999992	-5.868323430341127e-6
0.1999999999999999	-6.2068039743669345e-6
0.17499999999999988	-6.564219302920613e-6
0.15000000000000013	-6.9414723209577985e-6
0.1250000000000001	-7.33965625292812e-6
0.10000000000000009	-7.759871414401324e-6
0.07500000000000007	-8.203312123207354e-6
0.050000000000000044	-8.671256442838114e-6
0.025000000000000022	-9.164949793437973e-6
0.	-9.685795673344607e-6
2.5	1.0003506828905872e-7
2.525	1.043152257913872e-7
2.55	1.0854710415318852e-7
2.575	1.1274744828171577e-7
2.6	1.1691105053267908e-7
2.625	1.2104832825717637e-7
2.6500000000000004	1.251641444111263e-7
2.6750000000000003	1.2926334876344297e-7
2.7	1.333517842293664e-7
2.725	1.3742574426480571e-7
2.75	1.4151191538902816e-7
2.7750000000000004	1.4559287534565138e-7
2.8000000000000003	1.496824004929371e-7
2.8249999999999997	1.5377707643649296e-7
2.8500000000000005	1.5788736551143666e-7
2.875	1.6201365821030543e-7
2.9	1.661612532005141e-7
2.925	1.7033544526741722e-7
2.9499999999999997	1.7452927382115977e-7
2.9749999999999996	1.7875525281785555e-7
3.	1.8301919752614532e-7
3.025	1.8730828150949274e-7
3.05	1.9163907001189745e-7
3.075	1.960099114264456e-7
3.1	2.0042389910857827e-7
3.125	2.048824596643005e-7
3.15	2.0938613136088214e-7
3.175	2.139410694813125e-7
3.2	2.185456046339989e-7
3.225	2.2320259371650514e-7
3.25	2.2791547469868144e-7
3.2750000000000004	2.3268586646266394e-7
3.3000000000000003	2.3751630805142816e-7
3.325	2.4240266912964993e-7
3.35	2.4735116568673407e-7
3.375	2.523734151599909e-7
3.3999999999999995	2.57452676534241e-7
3.4250000000000003	2.625942578216939e-7
3.4499999999999997	2.678124964227002e-7
3.4750000000000005	2.730986481739589e-7
3.5	2.7846349183252754e-7
3.525	2.8388559112167626e-7
3.55	2.893903424564004e-7
3.5749999999999997	2.949738887252029e-7
3.5999999999999996	3.006298208238768e-7
3.625	3.06365985050619e-7
3.65	3.1218081237221255e-7
3.675	3.1808188919213574e-7
3.7	3.2406245242086257e-7
3.725	3.301280167885303e-7
3.75	3.362829618827046e-7
3.775	3.425234973358275e-7
3.8	3.4883903518955664e-7
3.825	3.552516832806042e-7
3.85	3.6175110309346617e-7
3.875	3.68349738583671e-7
3.9000000000000004	3.7503674538612087e-7
3.925	3.818174946368224e-7
3.95	3.886925247900446e-7
3.9749999999999996	3.9566532441550304e-7
4.	4.027437433468685e-7
4.0249999999999995	4.0990167365460815e-7
4.050000000000001	4.1716871085036486e-7
4.074999999999999	4.245374384573561e-7
4.1000000000000005	4.320066152233288e-7
4.125	4.3957477185383945e-7
4.15	4.4726455881012144e-7
4.175	4.550441530446166e-7
4.2	4.62920369263891e-7
4.225	4.7093300636207624e-7
4.25	4.790308775394454e-7
4.275	4.872602974623345e-7
4.3	4.955730186975111e-7
4.325	5.04016316747988e-7
4.35	5.125685411172955e-7
4.375	5.212321118813276e-7
4.4	5.30024767288204e-7
4.425	5.388657380434416e-7
4.45	5.47929700999982e-7
4.475	5.570654114274413e-7
4.5	5.663218782520606e-7
4.525	5.756985436807095e-7
4.55	5.852015781141168e-7
4.575	5.948255021389799e-7
4.6	6.045692512580532e-7
4.625	6.144497905864627e-7
4.6499999999999995	6.244512248998604e-7
4.675000000000001	6.345779357456675e-7
4.699999999999999	6.448427738445182e-7
4.7250000000000005	6.552320603951318e-7
4.75	6.657451807049696e-7
4.775	6.764075083445592e-7
4.8	6.872024823423484e-7
4.825	6.981132286490206e-7
4.85	7.091789702234884e-7
4.875	7.20376340316821e-7
4.9	7.317132990380814e-7
4.925	7.43186297895031e-7
4.95	7.54797007697007e-7
4.975	7.66557445127468e-7
5.	7.784645020297523e-7
5.0249999999999995	7.905061215197023e-7
5.05	8.027011596323807e-7
5.075000000000001	8.150474370271919e-7
5.1	8.274866330954722e-7
5.125	8.401723490894146e-7
5.15	8.52962772007074e-7
5.175000000000001	8.658916974562178e-7
5.2	8.790007672481564e-7
5.225	8.922321691802076e-7
5.25	9.056340949231498e-7
5.275	9.191949657617186e-7
5.300000000000001	9.329228996339008e-7
5.324999999999999	9.467846348675194e-7
5.35	9.608226068941337e-7
5.375	9.750175865755147e-7
5.4	9.893622172166188e-7
5.425	1.003898346517122e-6
5.449999999999999	1.018589517403562e-6
5.475	1.0334390774947747e-6
5.5	1.048462254778821e-6
5.525	1.0636353698785088e-6
5.549999999999999	1.0790123039535186e-6
5.575	1.0945395600842317e-6
5.6000000000000005	1.1102417572964848e-6
5.625	1.1261171351049496e-6
5.6499999999999995	1.142173356267779e-6
5.675	1.158392228424896e-6
5.700000000000001	1.1748112376714995e-6
5.725	1.1913771279688728e-6
5.75	1.2081359812367469e-6
5.775	1.2250754974183761e-6
5.800000000000001	1.2421977384012694e-6
5.825	1.2595027566886291e-6
5.85	1.276994997774712e-6
5.875	1.2946715026587907e-6
5.9	1.312535907640659e-6
5.925000000000001	1.3305856981810169e-6
5.949999999999999	1.3488146905725564e-6
5.975	1.3672442257713123e-6
6.	1.385877501998998e-6
6.025	1.4046754009778942e-6
6.05	1.423682494260792e-6
6.074999999999999	1.4428900542422805e-6
6.1	1.4622769429387456e-6
6.125	1.481872809832509e-6
6.15	1.5016647864852606e-6
6.174999999999999	1.5216688683353663e-6
6.2	1.5418580783822602e-6
6.2250000000000005	1.5622513543647938e-6
6.25	1.5828481823077404e-6
6.2749999999999995	1.6036517733163747e-6
6.3	1.6246607042261534e-6
6.325000000000001	1.6458764762962398e-6
6.35	1.6673099311864519e-6
6.375	1.6889445292868402e-6
6.4	1.7107760200997352e-6
6.425000000000001	1.732830316411921e-6
6.45	1.755101371987014e-6
6.475	1.7775838127456932e-6
6.5	1.8002760713159353e-6
6.525	1.8231884320525973e-6
6.550000000000001	1.8463227821360274e-6
6.574999999999999	1.8696670672290243e-6
6.6	1.8932404522307453e-6
6.625	1.917031247154017e-6
6.65	1.941041660057032e-6
6.675	1.965270767971512e-6
6.699999999999999	1.9897181142880247e-6
6.725	2.0144201231752862e-6
6.75	2.039323349496224e-6
6.775	2.0644613516857557e-6
6.799999999999999	2.089835777306097e-6
6.825	2.1154293329898967e-6
6.8500000000000005	2.141251600121706e-6
6.875	2.16732401214428e-6
6.8999999999999995	2.19361663832223e-6
6.925	2.220099139501012e-6
6.950000000000001	2.2468883012066636e-6
6.975	2.273900452789344e-6
7.	2.301135605501357e-6
7.025	2.32859960851081e-6
7.050000000000001	2.3563219638239385e-6
7.075	2.3842675375017557e-6
7.1	2.412463820014973e-6
7.125	2.440903977450805e-6
7.15	2.469570796966051e-6
7.175000000000001	2.4985233684143604e-6
7.199999999999999	2.5276882181859006e-6
7.225	2.557120797655467e-6
7.25	2.586701833200533e-6
7.275	2.616700598494988e-6
7.3	2.646872166553565e-6
7.324999999999999	2.677276596839845e-6
7.35	2.707951544839192e-6
7.375	2.738786318720216e-6
7.4	2.77005608411137e-6
7.424999999999999	2.801401954291041e-6
7.45	2.8331367079311377e-6
7.4750000000000005	2.865047577153912e-6
7.5	2.8972409244378895e-6