# pos     time      freq       fta
   22     11.485  0.0870708  5.491e-04
   24     12.484  0.0801051  5.550e-04
   40     20.473  0.0488446  4.319e-04
   57     28.962  0.0345281  2.288e-04
   74     37.451  0.0267017  6.426e-05
   96     48.436  0.0206457  1.808e-05
  108     54.428  0.0183727  5.109e-06
  112     56.426  0.0177224  5.877e-06
  115     57.924  0.0172640  4.615e-06
  119     59.921  0.0166886  2.558e-06
  124     62.418  0.0160210  1.697e-06
  127     63.916  0.0156455  1.790e-06
  131     65.913  0.0151714  1.450e-06
  135     67.911  0.0147252  9.183e-07
  139     69.908  0.0143045  6.763e-07
  143     71.905  0.0139071  6.087e-07
  147     73.903  0.0135313  5.069e-07
  151     75.900  0.0131752  4.079e-07
  154     77.398  0.0129202  3.759e-07
  158     79.396  0.0125951  3.684e-07
  162     81.393  0.0122861  3.499e-07
  166     83.390  0.0119918  3.326e-07
 2234   1116.033  0.0008960  3.326e-07
 2238   1118.031  0.0008944  3.499e-07
 2242   1120.028  0.0008928  3.684e-07
 2246   1122.025  0.0008912  3.759e-07
 2249   1123.523  0.0008901  4.079e-07
 2253   1125.521  0.0008885  5.069e-07
 2257   1127.518  0.0008869  6.087e-07
 2261   1129.516  0.0008853  6.763e-07
 2265   1131.513  0.0008838  9.183e-07
 2269   1133.510  0.0008822  1.450e-06
 2273   1135.508  0.0008807  1.790e-06
 2276   1137.006  0.0008795  1.697e-06
 2281   1139.502  0.0008776  2.558e-06
 2285   1141.500  0.0008760  4.615e-06
 2288   1142.998  0.0008749  5.877e-06
 2292   1144.995  0.0008734  5.109e-06
 2304   1150.987  0.0008688  1.808e-05
 2326   1161.973  0.0008606  6.426e-05
 2343   1170.462  0.0008544  2.288e-04
 2360   1178.951  0.0008482  4.319e-04
 2376   1186.940  0.0008425  5.550e-04
 2378   1187.939  0.0008418  5.491e-04
