30.	1.0003724860719844e-7
29.8	1.025502676716571e-7
29.6	1.0511468344386059e-7
29.4	1.0774120763752153e-7
29.2	1.1041895750859227e-7
29.	1.1314935383948898e-7
28.8	1.1593028397779988e-7
28.6	1.1876725035238007e-7
28.4	1.2165108594042532e-7
28.2	1.2458573203586765e-7
28.	1.2757395809399928e-7
27.8	1.3060122725920642e-7
27.6	1.336655212120081e-7
27.4	1.367731651896436e-7
27.2	1.3991550726087326e-7
27.	1.430908727275123e-7
26.8	1.4629039476072246e-7
26.6	1.49519464644604e-7
26.4	1.5274048500056335e-7
26.2	1.5597426276699653e-7
26.	1.5921274123277474e-7
25.8	1.6243433248686194e-7
25.6	1.65631485348506e-7
25.4	1.6879032084858806e-7
25.2	1.7190068410744652e-7
25.	1.7494090438215435e-7
24.8	1.7789520235689462e-7
24.6	1.8073625249264873e-7
24.4	1.8345199505352936e-7
24.2	1.8601322508239966e-7
24.	1.883836805684823e-7
23.8	1.905351536388888e-7
23.6	1.9243227884623262e-7
23.4	1.9402891211823698e-7
23.2	1.9528992475088855e-7
23.	1.9614447172003153e-7
22.8	1.965377558537833e-7
22.6	1.9641075469361093e-7
22.4	1.9568964770135886e-7
22.2	1.942888543841316e-7
22.	1.9210694210446575e-7
21.8	1.8905243424029915e-7
21.6	1.8499495396458358e-7
21.4	1.798051685352559e-7
21.2	1.733451818495677e-7
21.	1.6541581094442713e-7
20.8	1.558441275392289e-7
20.6	1.444181333967667e-7
20.4	1.3089721982508972e-7
20.2	1.1500110929309968e-7
20.	9.643066283501306e-8
19.8	7.48222545189109e-8
19.6	4.9793296697234704e-8
19.4	2.0871485274728434e-8
19.2	-1.2401574575119733e-8
19.	-5.0699520353975337e-8
18.8	-9.45907311430265e-8
18.6	-1.4486251165034471e-7
18.4	-2.0236235740194164e-7
18.2	-2.6806868942069427e-7
18.	-3.4310379254985476e-7
17.8	-4.2873621107975104e-7
17.6	-5.264432990091142e-7
17.4	-6.378916892114622e-7
17.2	-7.650514346307251e-7
17.	-9.101331574829197e-7
16.8	-1.0756958166468657e-6
16.6	-1.2647564745080396e-6
16.4	-1.4807234956124237e-6
16.2	-1.727629481398243e-6
16.	-2.0101526166905926e-6
15.8	-2.3335640459459633e-6
15.6	-2.7043901998098453e-6
15.4	-3.1298986843495825e-6
15.2	-3.6188232308207967e-6
15.	-4.1813449911179836e-6
14.8	-4.829397123620376e-6
14.6	-5.577174752276297e-6
14.4	-6.441455492061878e-6
14.2	-7.441889287004487e-6
14.	-8.602336027668932e-6
13.8	-9.950702668834815e-6
13.6	-0.000011520598609930288
13.4	-0.000013352216334177311
13.2	-0.000015493656244290892
13.	-0.00001800312285026728
12.8	-0.000020950602367341253
12.6	-0.000024420959243640157
12.4	-0.000028517018321086176
12.2	-0.00003336401528619356
12.	-0.000039114707297899976
11.8	-0.000045955834656143574
11.6	-0.00005411673036035964
11.4	-0.00006387892491747849
11.2	-0.00007558998273140314
11.	-0.0000896791230832961
10.8	-0.00010667743441568269
10.6	-0.00012724482760968433
10.4	-0.00015220089396241344
10.2	-0.0001825668256104183
10.	-0.00021961524070147393
30.	1.0003724860719844e-7
30.2	9.757596890264683e-8
30.4	9.517203753417809e-8
30.6	9.282042174906399e-8
30.8	9.052217652895918e-8
31.	8.827691128403904e-8
31.2	8.608312508900244e-8
31.4	8.394223056284005e-8
31.6	8.185232333098164e-8
31.8	7.981438791571087e-8
32.	7.781160980643464e-8
32.2	7.588314120482768e-8
32.4	7.39915716391075e-8
32.6	7.214345556390393e-8
32.8	7.034482093621467e-8
33.	6.85881452050815e-8
33.2	6.687627082230027e-8
33.4	6.520860231396832e-8
33.6	6.358379379291237e-8
33.8	6.199992094678631e-8
34.	6.04574639810364e-8
34.2	5.895483588421677e-8
34.4	5.749009462263203e-8
34.6	5.6063325654129146e-8
34.8	5.467283666120721e-8
35.	5.331847242339102e-8
35.2	5.200626499583579e-8
35.4	5.071619650000634e-8
35.6	4.94550795462825e-8
35.8	4.8246700349611366e-8
36.	4.706018208093052e-8
36.2	4.5903989780856485e-8
36.4	4.4778478528986196e-8
36.6	4.3682498383373485e-8
36.8	4.261512790823355e-8
37.	4.157357793132717e-8
37.2	4.0562888451483193e-8
37.4	3.957681277512311e-8
37.6	3.861597141156113e-8
37.8	3.7680954645478536e-8
38.	3.676999252833683e-8
38.2	3.5882764560799274e-8
38.4	3.5018741168422315e-8
38.6	3.4177212993492855e-8
38.8	3.3359388588782156e-8
39.	3.255892156347352e-8
39.2	3.178146580019347e-8
39.4	3.1023932783486324e-8
39.6	3.028656519582491e-8
39.8	2.956725606146811e-8
40.	2.8871388694462682e-8
40.2	2.8184839902920676e-8
40.4	2.7514719343916296e-8
40.6	2.687248290098931e-8
40.8	2.6241736402299704e-8
41.	2.5626960371448074e-8
41.2	2.5027934020574585e-8
41.4	2.444443608626772e-8
41.6	2.387742759268258e-8
41.8	2.332145766461286e-8
42.	2.2781345201177516e-8
42.2	2.225543676407818e-8
42.4	2.1742324933492437e-8
42.6	2.1241885353519334e-8
42.8	2.0755661420529093e-8
43.	2.027929651080393e-8
43.2	1.9817522163439585e-8
43.4	1.9364549463753355e-8
43.6	1.8934795984023217e-8
43.8	1.8495169260982553e-8
44.	1.8076829119088182e-8
44.2	1.7669260607078348e-8
44.4	1.7270980864213555e-8
44.6	1.688300109797633e-8
44.8	1.6504675800579378e-8
45.	1.6134860213414335e-8
45.2	1.577581479578969e-8
45.4	1.54248084839095e-8
45.6	1.5083065136589106e-8
45.8	1.474846822321112e-8
46.	1.4422632989498183e-8
46.2	1.4100882677710676e-8
46.4	1.379473400462268e-8
46.6	1.3492572208825287e-8
46.8	1.3197015398627152e-8
47.	1.2909067020746193e-8
47.2	1.2628063133417687e-8
47.4	1.2353689811468707e-8
47.6	1.2085550779942212e-8
47.8	1.1824664193373015e-8
48.	1.1570635951859817e-8
48.2	1.1320620324149808e-8
48.4	1.1077804790590373e-8
48.6	1.0840505359296567e-8
48.8	1.0609221703232966e-8
49.	1.0395701922528286e-8
49.2	1.0162036632575557e-8
49.4	9.946819706783417e-9
49.6	9.736593450679003e-9
49.8	9.530905046892744e-9
50.	9.33025282519041e-9