1.6666666666666667	5.614252058264286e-9
1.6500000000000001	5.219019670796815e-9
1.6333333333333333	4.840590616212072e-9
1.6166666666666667	4.478888446414236e-9
1.6	4.1338730993294345e-9
1.5833333333333333	3.805088069229494e-9
1.5666666666666667	3.492562690657937e-9
1.55	3.1960457572339317e-9
1.5333333333333334	2.91534622191039e-9
1.5166666666666668	2.6542871100526117e-9
1.5	2.40052970602939e-9
1.4833333333333334	2.1659456942672887e-9
1.4666666666666668	1.9463015494068026e-9
1.45	1.7410620928813602e-9
1.4333333333333333	1.550233421737983e-9
1.4166666666666667	1.3735247398606243e-9
1.4	1.2099855529129183e-9
1.3833333333333333	1.0598705974077594e-9
1.366666666666667	9.22536248139917e-10
1.35	6.906354423220417e-10
1.3333333333333335	6.843789830232803e-10
1.3166666666666669	5.824824858037312e-10
1.3	4.912030843855523e-10
1.2833333333333334	4.0998750106184356e-10
1.2666666666666668	3.373081366682607e-10
1.25	2.7262941928034126e-10
1.2333333333333334	2.1452555898094846e-10
1.2166666666666668	1.6114049672505563e-10
1.2	1.2087450563262957e-10
1.1833333333333333	5.890447803657741e-11
1.1666666666666667	3.2341023427338866e-12
1.15	-6.18363187592024e-11
1.1333333333333333	-1.0991911024424716e-10
1.1166666666666667	-2.393677722094662e-10
1.0999999999999999	-3.8800885430246113e-10
1.0833333333333335	-5.764850614707855e-10
1.0666666666666667	-8.284864477765249e-10
1.05	-1.1673596873651692e-9
1.0333333333333334	-1.6140006463733645e-9
1.0166666666666666	-2.197949076727596e-9
1.	-2.9757274498132384e-9
0.9833333333333335	-3.917606623868081e-9
0.9666666666666668	-5.13735247326555e-9
0.9500000000000002	-6.664432224467834e-9
0.9333333333333335	-8.556447337737764e-9
0.9166666666666667	-1.088027065089974e-8
0.9000000000000001	-1.3711376778710163e-8
0.8833333333333334	-1.7134444653796216e-8
0.8666666666666667	-2.1251124309528152e-8
0.8500000000000001	-2.614690547002823e-8
0.8333333333333334	-3.1960989880467155e-8
0.8166666666666667	-3.8818551571123086e-8
0.8	-4.686632427568882e-8
0.7833333333333333	-5.626599865452422e-8
0.7666666666666666	-6.719831816019036e-8
0.75	-7.986248456983261e-8
0.7333333333333333	-9.447847630963776e-8
0.7166666666666668	-1.1128860637863664e-7
0.7000000000000001	-1.3055809482049066e-7
0.6833333333333335	-1.5258466850885412e-7
0.6666666666666667	-1.7768786368183273e-7
0.65	-2.062274960827913e-7
0.6333333333333334	-2.385876155918902e-7
0.6166666666666667	-2.7519529067462235e-7
0.6	-3.165191696464337e-7
0.5833333333333334	-3.630689881515801e-7
0.5666666666666667	-4.154014263177628e-7
0.5499999999999999	-4.7412701165815284e-7
0.5333333333333333	-5.399098267289683e-7
0.5166666666666668	-6.134754350160237e-7
0.5000000000000001	-6.956093994733495e-7
0.4833333333333334	-7.871698585509644e-7
0.46666666666666673	-8.891011321164738e-7
0.45000000000000007	-1.0024155285142597e-6
0.43333333333333335	-1.1282174541680476e-6
0.4166666666666667	-1.267707913735149e-6
0.4	-1.4221882425196586e-6
0.3833333333333333	-1.5930745663334126e-6
0.36666666666666664	-1.7818949390470683e-6
0.35	-1.9903117366138736e-6
0.33333333333333326	-2.2201214288676196e-6
0.3166666666666666	-2.473273092105745e-6
0.3000000000000001	-2.7518648302552605e-6
0.28333333333333344	-3.0581788786586033e-6
0.2666666666666667	-3.3946730639232254e-6
0.25000000000000006	-3.764007127423595e-6
0.23333333333333336	-4.169044179139694e-6
0.21666666666666667	-4.61288638428226e-6
0.2	-5.0988721330046706e-6
0.18333333333333332	-5.630601736049244e-6
0.16666666666666663	-6.211955357861763e-6
0.14999999999999997	-6.8471146558787e-6
0.13333333333333328	-7.540579946125096e-6
0.11666666666666659	-8.297188521084298e-6
0.10000000000000009	-9.122155162863742e-6
0.08333333333333341	-0.000010021079823995969
0.06666666666666674	-0.000010999980425398843
0.050000000000000044	-0.000012065317187687742
0.03333333333333337	-0.00001322403228957961
0.016666666666666684	-0.000014483573119842339
0.	-0.000015851920043236757
1.6666666666666667	5.614252058264286e-9
1.6833333333333333	6.026604271094813e-9
1.7000000000000002	6.456002803496452e-9
1.7166666666666668	6.903783247403095e-9
1.7333333333333334	7.3667016319735084e-9
1.7500000000000002	7.848209558390707e-9
1.7666666666666668	8.347365764620328e-9
1.7833333333333334	8.863973564318748e-9
1.8000000000000003	9.398524563797945e-9
1.8166666666666669	9.951022510000522e-9
1.8333333333333335	1.0521241191542399e-8
1.8500000000000003	1.1109617008667852e-8
1.866666666666667	1.171397479571389e-8
1.8833333333333333	1.2340441937582468e-8
1.9000000000000004	1.2983521839374145e-8
1.9166666666666665	1.3644632589505681e-8
1.9333333333333333	1.4324149674162274e-8
1.95	1.5022216804742068e-8
1.9666666666666666	1.573865032283919e-8
1.9833333333333334	1.6473434142515964e-8
2.	1.722691683848473e-8
2.0166666666666666	1.7999032903427903e-8
2.033333333333333	1.8789920089799785e-8
2.0500000000000003	1.9599494518816406e-8
2.066666666666667	2.042782179213451e-8
2.0833333333333335	2.1274995700977453e-8
2.1	2.214108961830868e-8
2.1166666666666667	2.3025901096252452e-8
2.1333333333333333	2.395133439678743e-8
2.1500000000000004	2.4852914587285017e-8
2.166666666666667	2.579475320527963e-8
2.1833333333333336	2.6755720084628552e-8
2.2	2.773572247495562e-8
2.216666666666667	2.8734923222233388e-8
2.2333333333333334	2.9753448089796165e-8
2.2500000000000004	3.079128205700272e-8
2.2666666666666666	3.184805534470152e-8
2.2833333333333337	3.292442246976037e-8
2.3	3.4019442665172754e-8
2.316666666666667	3.513471654405504e-8
2.3333333333333335	3.62691645105711e-8
2.35	3.7423058527893004e-8
2.3666666666666667	3.859611119402193e-8
2.3833333333333333	3.978904285465877e-8
2.4	4.1001375662166387e-8
2.4166666666666665	4.222747062334619e-8
2.4333333333333336	4.3484375584618254e-8
2.45	4.475552409150402e-8
2.466666666666667	4.6046694216646176e-8
2.4833333333333334	4.735715423057696e-8
2.5	4.868751894035294e-8
2.5166666666666666	5.003688712264699e-8
2.5333333333333337	5.140673974820224e-8
2.5500000000000003	5.280609417838267e-8
2.566666666666667	5.4206638901392915e-8
2.5833333333333335	5.563547876993812e-8
2.6	5.7085742097847866e-8
2.6166666666666667	5.856505016910614e-8
2.6333333333333337	6.003275296046583e-8
2.65	6.155458257501417e-8
2.666666666666667	6.308307984987337e-8
2.683333333333333	6.462806373996508e-8
2.7	6.62023859929715e-8
2.716666666666667	6.779239317657513e-8
2.733333333333334	6.940261999742057e-8
2.75	7.103094212953751e-8
2.766666666666667	7.269262352812443e-8
2.783333333333333	7.435533716909516e-8
2.8000000000000003	7.604743500845075e-8
2.816666666666667	7.775862106310213e-8
2.8333333333333335	7.948586229218107e-8
2.85	8.124345452578538e-8
2.8666666666666667	8.3002872438125e-8
2.8833333333333333	8.481014467649834e-8
2.9	8.66257469541124e-8
2.916666666666667	8.846082585350607e-8
2.9333333333333336	9.031497255435187e-8
2.95	9.219801066819049e-8
2.966666666666667	9.409034009270267e-8
2.9833333333333334	9.600901032839905e-8
3.	9.795615369801637e-8
3.016666666666667	9.990731291091981e-8
3.033333333333333	1.0188468658664451e-7
3.0500000000000003	1.0388793025683911e-7
3.0666666666666664	1.059096755702874e-7
3.0833333333333335	1.0794019581924148e-7
3.1	1.1001644057398426e-7
3.116666666666667	1.1211082248331522e-7
3.1333333333333333	1.1420492144179833e-7
3.1500000000000004	1.1633542978729706e-7
3.1666666666666665	1.1848196488751992e-7
3.1833333333333336	1.206511375207877e-7
3.2	1.2284191103982384e-7
3.2166666666666672	1.2505584712209938e-7
3.2333333333333334	1.2728640995765666e-7
3.25	1.2954429311760493e-7
3.2666666666666666	1.3181777085960335e-7
3.283333333333333	1.3411543546205493e-7
3.3000000000000003	1.3643654076561454e-7
3.316666666666667	1.38906914081479e-7
3.3333333333333335	1.4113781319881148e-7
3.3499999999999996	1.4351977963130061e-7
3.3666666666666667	1.4592520811263446e-7
3.3833333333333337	1.483508246743002e-7
3.4000000000000004	1.507966267906838e-7
3.4166666666666665	1.5324393065423666e-7
3.4333333333333336	1.5575509301104364e-7
3.4500000000000006	1.5826987652928423e-7
3.466666666666667	1.6080274542224194e-7
3.4833333333333334	1.633612250859567e-7
3.5000000000000004	1.6593691105583462e-7
3.5166666666666675	1.6854141061643488e-7
3.5333333333333337	1.7115809149783603e-7
3.55	1.7380023693086088e-7
3.5666666666666664	1.7647098128642838e-7
3.5833333333333335	1.791521366554013e-7
3.6000000000000005	1.818669117628977e-7
3.6166666666666667	1.8459481600457333e-7
3.633333333333333	1.87347663683117e-7
3.65	1.901229501630359e-7
3.666666666666667	1.9291914317660655e-7
3.6833333333333336	1.957379079530739e-7
3.6999999999999997	1.985807538486628e-7
3.716666666666667	2.0145814895768e-7
3.733333333333334	2.0432799773548e-7
3.75	2.0723502560039644e-7
3.7666666666666666	2.101642568351327e-7
3.7833333333333337	2.130382431634821e-7
3.8000000000000007	2.160918267701583e-7
3.816666666666667	2.1908727986062204e-7
3.833333333333333	2.221091175035402e-7
3.85	2.2515209749231168e-7
3.866666666666667	2.2820753577697293e-7
3.8833333333333337	2.312961145094407e-7
3.9	2.3441130234862069e-7
3.916666666666667	2.375358437527408e-7
3.933333333333334	2.406895342708848e-7
3.95	2.4386286248778104e-7
3.966666666666667	2.470604367618496e-7
3.983333333333333	2.503051584485943e-7
4.	2.5352391846791374e-7
4.0166666666666675	2.5678764921502207e-7
4.033333333333333	2.6007559224263606e-7
4.05	2.633900324132202e-7
4.066666666666666	2.6672502967913754e-7
4.083333333333334	2.7007320122153877e-7
4.1000000000000005	2.7345417269022343e-7
4.116666666666666	2.768581164586402e-7
4.133333333333334	2.802775187689698e-7
4.15	2.837322889245268e-7
4.166666666666667	2.87192414421798e-7
4.183333333333334	2.906801010817091e-7
4.2	2.941913090861651e-7
4.216666666666668	2.97728088980393e-7
4.233333333333333	3.012843887121022e-7
4.25	3.0486973838167226e-7
4.266666666666667	3.0847600009021707e-7
4.283333333333334	3.1210288712293893e-7
4.300000000000001	3.1575006990364507e-7
4.316666666666666	3.1942131557774533e-7
4.333333333333334	3.23114990580147e-7
4.3500000000000005	3.2683783726722383e-7
4.366666666666667	3.305622765050184e-7
4.383333333333334	3.343406501102307e-7
4.3999999999999995	3.3812032526939616e-7
4.416666666666667	3.4192911137250894e-7
4.433333333333334	3.457450488658055e-7
4.45	3.496138695714651e-7
4.466666666666667	3.534903600765039e-7
4.483333333333333	3.573992147232208e-7
4.500000000000001	3.61313846522078e-7
4.516666666666667	3.652533417346568e-7
4.533333333333333	3.6922623991880956e-7
4.55	3.732128224236226e-7
4.566666666666667	3.772314890971116e-7
4.583333333333334	3.8126172768244786e-7
4.6	3.8532004506745825e-7
4.616666666666667	3.8912700539115e-7
4.633333333333334	3.934962496373113e-7
4.65	3.9763544099019627e-7
4.666666666666667	4.017698128644292e-7
4.683333333333334	4.059548048583504e-7
4.700000000000001	4.1013549007694785e-7
4.716666666666667	4.1436218411783964e-7
4.733333333333333	4.186050714106854e-7
4.75	4.2288255714795796e-7
4.7666666666666675	4.271483478741547e-7
4.783333333333334	4.3145439860689157e-7
4.8	4.35783767827167e-7
4.816666666666666	4.4012846833453673e-7
4.833333333333333	4.445104834781053e-7
4.8500000000000005	4.489394277580266e-7
4.866666666666667	4.53329069328832e-7
4.883333333333333	4.577730150657337e-7
4.9	4.622375272421524e-7
4.916666666666667	4.6671201913902436e-7
4.933333333333334	4.712380317379621e-7
4.95	4.757585304772597e-7
4.966666666666667	4.803127154405487e-7
4.983333333333334	4.848921682285415e-7
5.	4.894956992493758e-7