1.6666666666666667	0.3434893845357018
1.6500000000000001	0.3431932502514088
1.6333333333333333	0.3428967695932298
1.6166666666666667	0.3425999395211356
1.6	0.3423027571187284
1.5833333333333333	0.34200521921070653
1.5666666666666667	0.34170732273700277
1.55	0.3414090645181476
1.5333333333333334	0.34111044134077545
1.5166666666666668	0.3408114499471417
1.5	0.3405120870227674
1.4833333333333334	0.3402123492109938
1.4666666666666668	0.3399122331393023
1.45	0.33961173531087546
1.4333333333333333	0.33931085223305546
1.4166666666666667	0.3390095803067884
1.4	0.3387079159186747
1.3833333333333333	0.33840585539927204
1.366666666666667	0.3381033949756768
1.35	0.33780053172618996
1.3333333333333335	0.3374972592670209
1.3166666666666669	0.3371935761729015
1.3	0.33688947763080984
1.2833333333333334	0.3365849595132471
1.2666666666666668	0.3362800177958297
1.25	0.335974648274354
1.2333333333333334	0.3356688467027903
1.2166666666666668	0.33536260856317385
1.2	0.3350559298391719
1.1833333333333333	0.33474880561421133
1.1666666666666667	0.3344412314226037
1.15	0.33413320272941827
1.1333333333333333	0.3338247146311875
1.1166666666666667	0.33351576204650285
1.0999999999999999	0.33320634095289076
1.0833333333333335	0.33289644573002664
1.0666666666666667	0.33258607111549116
1.05	0.3322752122024514
1.0333333333333334	0.3319638637670252
1.0166666666666666	0.3316520202827124
1.	0.3313396765048843
0.9833333333333335	0.33102682639016373
0.9666666666666668	0.33071346428210285
0.9500000000000002	0.33039958444909945
0.9333333333333335	0.33008518121448754
0.9166666666666667	0.32977024825536794
0.9000000000000001	0.3294547793368029
0.8833333333333334	0.3291387684739236
0.8666666666666667	0.32882220885842234
0.8500000000000001	0.32850509404851425
0.8333333333333334	0.32818741733433143
0.8166666666666667	0.32786917187958936
0.8	0.3275503503589049
0.7833333333333333	0.3272309463097788
0.7666666666666666	0.3269109519346319
0.75	0.32659035972337763
0.7333333333333333	0.32626916224914065
0.7166666666666668	0.3259473515629753
0.7000000000000001	0.32562491973243146
0.6833333333333335	0.32530185852288945
0.6666666666666667	0.3249781598090089
0.65	0.32465381477216315
0.6333333333333334	0.32432881477526015
0.6166666666666667	0.32400315076117286
0.6	0.32367681381757707
0.5833333333333334	0.3233497943190685
0.5666666666666667	0.32302208272966476
0.5499999999999999	0.32269366922330023
0.5333333333333333	0.32236454369109746
0.5166666666666668	0.32203469581121297
0.5000000000000001	0.32170411499919743
0.4833333333333334	0.3213727903405893
0.46666666666666673	0.3210407108131018
0.45000000000000007	0.3207078649592641
0.43333333333333335	0.3203742410794777
0.4166666666666667	0.32003982719313645
0.4	0.3197046109669726
0.3833333333333333	0.319368579805209
0.36666666666666664	0.3190317207367117
0.35	0.3186940204907188
0.33333333333333326	0.31835546540868204
0.3166666666666666	0.3180160415177128
0.3000000000000001	0.31767573443508024
0.28333333333333344	0.31733452943252954
0.2666666666666667	0.31699241135415895
0.25000000000000006	0.3166493646853846
0.23333333333333336	0.3163053734568301
0.21666666666666667	0.31596042130115687
0.2	0.31561449140429504
0.18333333333333332	0.315267566512336
0.16666666666666663	0.3149196288963028
0.14999999999999997	0.31457066037751613
0.13333333333333328	0.3142206422831975
0.11666666666666659	0.3138695554479532
0.10000000000000009	0.31351738020546704
0.08333333333333341	0.3131640963734364
0.06666666666666674	0.31280968325402103
0.050000000000000044	0.312454119590152
0.03333333333333337	0.3120973836192553
0.016666666666666684	0.311739452997681
0.	0.3113803048396303
1.6666666666666667	0.3434893845357018
1.6833333333333333	0.34378517536206066
1.7000000000000002	0.3440806256788267
1.7166666666666668	0.34437573829825985
1.7333333333333334	0.3446705160777736
1.7500000000000002	0.3449649617724748
1.7666666666666668	0.3452590781303074
1.7833333333333334	0.3455528678708014
1.8000000000000003	0.34584633364603357
1.8166666666666669	0.34613947809468204
1.8333333333333335	0.34643230381741225
1.8500000000000003	0.34672481339842626
1.866666666666667	0.3470170093433334
1.8833333333333333	0.34730889407846316
1.9000000000000004	0.34760047015584233
1.9166666666666665	0.34789174002635725
1.9333333333333333	0.3481827060313338
1.95	0.3484733705668439
1.9666666666666666	0.34876373594119864
1.9833333333333334	0.34905380451318685
2.	0.34934357851446557
2.0166666666666666	0.34963306018234475
2.033333333333333	0.349922251775134
2.0500000000000003	0.35021115543483483
2.066666666666667	0.3504997733901921
2.0833333333333335	0.3507881077480897
2.1	0.35107616059573804
2.1166666666666667	0.3513639341273266
2.1333333333333333	0.3516514305629579
2.1500000000000004	0.35193865120712875
2.166666666666667	0.3522255987896823
2.1833333333333336	0.35251227502994753
2.2	0.35279868196943315
2.216666666666667	0.3530848215126512
2.2333333333333334	0.35337069557304074
2.2500000000000004	0.35365630605012444
2.2666666666666666	0.3539416548271258
2.2833333333333337	0.3542267437427727
2.3	0.3545115747099973
2.316666666666667	0.35479614953830735
2.3333333333333335	0.35508046984019653
2.35	0.3553645370009287
2.3666666666666667	0.35564835361374625
2.3833333333333333	0.35593192120685796
2.4	0.3562152409651232
2.4166666666666665	0.35649831502790275
2.4333333333333336	0.3567811449995891
2.45	0.3570637323885004
2.466666666666667	0.3573460789174412
2.4833333333333334	0.35762818629477716
2.5	0.35791005609536036
2.5166666666666666	0.35819168957443653
2.5333333333333337	0.35847308860177457
2.5500000000000003	0.35875425470113104
2.566666666666667	0.359035189375096
2.5833333333333335	0.3593158941010356
2.6	0.3595963706865386
2.6166666666666667	0.35987661961830786
2.6333333333333337	0.360156643670836
2.65	0.36043644353419135
2.666666666666667	0.3607160203107197
2.683333333333333	0.3609953763200813
2.7	0.36127451248691617
2.716666666666667	0.3615534301087342
2.733333333333334	0.36183213068816217
2.75	0.3621106155781903
2.766666666666667	0.36238888628868204
2.783333333333333	0.36266694390404397
2.8000000000000003	0.36294479011043135
2.816666666666667	0.36322242512036157
2.8333333333333335	0.3634998514962559
2.85	0.36377707010107047
2.8666666666666667	0.3640540820942813
2.8833333333333333	0.3643308891050594
2.9	0.36460749135628095
2.916666666666667	0.3648838911512724
2.9333333333333336	0.36516008921442283
2.95	0.365436087179484
2.966666666666667	0.36571188565181345
2.9833333333333334	0.365987485697054
3.	0.36626288936878665
3.016666666666667	0.3665380969249951
3.033333333333333	0.36681311050284426
3.0500000000000003	0.3670879297370489
3.0666666666666664	0.36736255714104993
3.0833333333333335	0.36763699327608473
3.1	0.3679112394192335
3.116666666666667	0.3681852963631653
3.1333333333333333	0.36845916568147774
3.1500000000000004	0.36873284745914225
3.1666666666666665	0.36900634377863384
3.1833333333333336	0.36927965525396467
3.2	0.3695527831155509
3.2166666666666672	0.3698257282606837
3.2333333333333334	0.37009849168310843
3.25	0.3703710744848604
3.2666666666666666	0.37064347761153216
3.283333333333333	0.37091570212902086
3.3000000000000003	0.37118774885934763
3.316666666666667	0.3714596191967064
3.3333333333333335	0.371731313276988
3.3499999999999996	0.3720028327662169
3.3666666666666667	0.37227417849913674
3.3833333333333337	0.3725453513383459
3.4000000000000004	0.3728163522217396
3.4166666666666665	0.373087182052401
3.4333333333333336	0.37335784158410373
3.4500000000000006	0.3736283321951146
3.466666666666667	0.3738986543375869
3.4833333333333334	0.3741688090966198
3.5000000000000004	0.3744387973039221
3.5166666666666675	0.3747086198643129
3.5333333333333337	0.37497827762281444
3.55	0.37524777135466625
3.5666666666666664	0.37551710221262086
3.5833333333333335	0.3757862705877979
3.6000000000000005	0.3760552778564873
3.6166666666666667	0.3763241244143763
3.633333333333333	0.37659281131906897
3.65	0.3768613391811101
3.666666666666667	0.3771297089753873
3.6833333333333336	0.37739792148235973
3.6999999999999997	0.3776659774798646
3.716666666666667	0.3779338777327054
3.733333333333334	0.378201623098389
3.75	0.3784692142928896
3.7666666666666666	0.378736652123676
3.7833333333333337	0.3790039377489547
3.8000000000000007	0.37927107063308285
3.816666666666667	0.379538052695149
3.833333333333333	0.37980488475104107
3.85	0.38007156698846095
3.866666666666667	0.38033810032306836
3.8833333333333337	0.38060448550694803
3.9	0.38087072321000026
3.916666666666667	0.381136814274943
3.933333333333334	0.3814027592843661
3.95	0.3816685590053612
3.966666666666667	0.38193421409165595
3.983333333333333	0.3821997250140021
4.	0.38246509326389766
4.0166666666666675	0.38273031861249923
4.033333333333333	0.3829954018750907
4.05	0.3832603444777785
4.066666666666666	0.38352514627575085
4.083333333333334	0.38378980816715186
4.1000000000000005	0.3840543308700196
4.116666666666666	0.38431871506066195
4.133333333333334	0.38458296128654684
4.15	0.3848470702657519
4.166666666666667	0.38511104254824036
4.183333333333334	0.3853748785905359
4.2	0.38563857978012916
4.216666666666668	0.3859021459209917
4.233333333333333	0.38616557793485423
4.25	0.3864288761288589
4.266666666666667	0.38669204192149853
4.283333333333334	0.38695507517007466
4.300000000000001	0.3872179763792749
4.316666666666666	0.3874807470178418
4.333333333333334	0.3877433868418605
4.3500000000000005	0.3880058967100988
4.366666666666667	0.3882682768943403
4.383333333333334	0.3885305288841728
4.3999999999999995	0.3887926523096606
4.416666666666667	0.3890546481801205
4.433333333333334	0.3893165164523677
4.45	0.3895782589574009
4.466666666666667	0.38983987514933943
4.483333333333333	0.3901013658721214
4.500000000000001	0.39036273141747246
4.516666666666667	0.39062397322658465
4.533333333333333	0.3908850909199681
4.55	0.3911460853742834
4.566666666666667	0.3914069570843961
4.583333333333334	0.39166770653667143
4.6	0.3919283343680328
4.616666666666667	0.39218884154728195
4.633333333333334	0.39244922691709716
4.65	0.3927094928510056
4.666666666666667	0.39296963877955204
4.683333333333334	0.39322966620707517
4.700000000000001	0.3934895744162606
4.716666666666667	0.3937493647870187
4.733333333333333	0.3940090378171293
4.75	0.39426859340774395
4.7666666666666675	0.39452803282413623
4.783333333333334	0.3947873551781622
4.8	0.39504656237443686
4.816666666666666	0.3953056542848777
4.833333333333333	0.3955646314990391
4.8500000000000005	0.39582349501836234
4.866666666666667	0.39608224366375505
4.883333333333333	0.39634087954513136
4.9	0.3965994024907079
4.916666666666667	0.396857812785263
4.933333333333334	0.3971161117434266
4.95	0.39737429886770537
4.966666666666667	0.3976323749851624
4.983333333333334	0.3978903405346433
5.	0.3981481959135715