30.	5.982590262509953e-8
29.8	6.034843965272995e-8
29.6	6.083877808635586e-8
29.4	6.128704018181465e-8
29.2	6.170196970932919e-8
29.	6.206323013051262e-8
28.8	6.236349279507134e-8
28.6	6.261123581164764e-8
28.4	6.27940413630795e-8
28.2	6.290602892401496e-8
28.	6.29345554892794e-8
27.8	6.287442409553996e-8
27.6	6.27226985524505e-8
27.4	6.245593887685027e-8
27.2	6.207294027829648e-8
27.	6.156050781338862e-8
26.8	6.090121484068514e-8
26.6	6.00790291495159e-8
26.4	5.909035522087234e-8
26.2	5.790726938276765e-8
26.	5.6513362936735206e-8
25.8	5.48920341722062e-8
25.6	5.301855062552998e-8
25.4	5.085487311903007e-8
25.2	4.8391752868403146e-8
25.	4.5591416804298224e-8
24.8	4.24175002585713e-8
24.6	3.8845701961555756e-8
24.4	3.4816196934052866e-8
24.2	3.029979987743032e-8
24.	2.5243516605899038e-8
23.8	1.9592255055429826e-8
23.6	1.328445200172364e-8
23.4	6.2363900402044625e-9
23.2	-1.561162206272969e-9
23.	-1.0265951657012856e-8
22.8	-1.992108527109738e-8
22.6	-3.064763232419486e-8
22.4	-4.2552628260397196e-8
22.2	-5.5758698045237045e-8
22.	-7.039379623563027e-8
21.8	-8.66318561963065e-8
21.6	-1.046380134476297e-7
21.4	-1.2458544061282303e-7
21.2	-1.4670329048678574e-7
21.	-1.712213021318085e-7
20.8	-1.9842060925638667e-7
20.6	-2.2859123756037087e-7
20.4	-2.6209185790013805e-7
20.2	-2.9926735588666386e-7
20.	-3.405557476723784e-7
19.8	-3.863672816434198e-7
19.6	-4.3747103406269606e-7
19.4	-4.942705508920043e-7
19.2	-5.575213793430454e-7
19.	-6.280123312989447e-7
18.8	-7.067231226952502e-7
18.6	-7.944748214182983e-7
18.4	-8.925789035294916e-7
18.2	-1.0024456987030182e-6
18.	-1.1254235587920025e-6
17.8	-1.2633773479786144e-6
17.6	-1.4182291385307714e-6
17.4	-1.5922810537611597e-6
17.2	-1.788213938878086e-6
17.	-2.0090141140973583e-6
16.8	-2.2583516151850345e-6
16.6	-2.5399763777871642e-6
16.4	-2.858921033696216e-6
16.2	-3.2205387574799223e-6
16.	-3.6312049181029767e-6
15.8	-4.098497382503787e-6
15.6	-4.631016741626754e-6
15.4	-5.239008725960489e-6
15.2	-5.9342330568941326e-6
15.	-6.7312304171476935e-6
14.8	-7.646356370750924e-6
14.6	-8.699375360134513e-6
14.4	-9.913508496259534e-6
14.2	-0.000011316514402819612
14.	-0.000012941266376869529
13.8	-0.000014827035058470701
13.6	-0.000017020789041188147
13.4	-0.00001957893555012504
13.2	-0.00002256908485283474
13.	-0.000026072828649821443
12.8	-0.000030188644575728506
12.6	-0.000035035618901296476
12.4	-0.000040758435783282945
12.2	-0.00004753289457776091
12.	-0.000055573323466323474
11.8	-0.00006514154855767469
11.6	-0.00007655813185783565
11.4	-0.00009021600184180192
11.2	-0.00010659816664918138
11.	-0.0001262991954847377
10.8	-0.00015005173190372115
10.6	-0.00017875986058038363
10.4	-0.0002135403268680633
10.2	-0.00025577275140119005
10.	-0.00030716196065573006
30.	5.982590262509953e-8
30.2	5.9273480260936386e-8
30.4	5.8694061740010036e-8
30.6	5.80862639810457e-8
30.8	5.746770738704137e-8
31.	5.6827796998459614e-8
31.2	5.617153431074077e-8
31.4	5.5502295279446944e-8
31.6	5.4823595050079084e-8
31.8	5.413301566970468e-8
32.	5.3444213530074076e-8
32.2	5.273788758529994e-8
32.4	5.202779533251629e-8
32.6	5.1319312267313227e-8
32.8	5.060671921851127e-8
33.	4.989482915257446e-8
33.2	4.918286507278167e-8
33.4	4.8473367950718635e-8
33.6	4.776178753647427e-8
33.8	4.7058045742683e-8
34.	4.6355763675937926e-8
34.2	4.565838534871891e-8
34.4	4.496368086656736e-8
34.6	4.42748845166683e-8
34.8	4.359217871835098e-8
35.	4.2915048750678674e-8
35.2	4.224532578374484e-8
35.4	4.1581112263550175e-8
35.6	4.092391019527705e-8
35.8	4.027273773094325e-8
36.	3.963005205899354e-8
36.2	3.895723294929338e-8
36.4	3.836729644968705e-8
36.6	3.7748285187594355e-8
36.8	3.713727872692047e-8
37.	3.6532047014157465e-8
37.2	3.593661276435809e-8
37.4	3.534923238498891e-8
37.6	3.476939112990282e-8
37.8	3.419869959925666e-8
38.	3.363579027476784e-8
38.2	3.308145885731516e-8
38.4	3.2535579227745106e-8
38.6	3.1996945254169095e-8
38.8	3.146771724094001e-8
39.	3.094549530201016e-8
39.2	3.043269315185907e-8
39.4	2.992689326802333e-8
39.6	2.942685378227689e-8
39.8	2.89390305401246e-8
40.	2.846368157440327e-8
40.2	2.798404920507231e-8
40.4	2.7517193511817163e-8
40.6	2.7059867299103288e-8
40.8	2.661080156112807e-8
41.	2.6164786459807346e-8
41.2	2.5725651290697836e-8
41.4	2.5299425848766665e-8
41.6	2.4877855508770184e-8
41.8	2.4464024131542107e-8
42.	2.4056190051961618e-8
42.2	2.365624598025874e-8
42.4	2.3262127614877185e-8
42.6	2.2875275795599445e-8
42.8	2.249504787332728e-8
43.	2.212180975499674e-8
43.2	2.1754105164721946e-8
43.4	2.1393091208591125e-8
43.6	2.1054297974396203e-8
43.8	2.0690152980927364e-8
44.	2.034817697416283e-8
44.2	2.0012008163633004e-8
44.4	1.9681042896694846e-8
44.6	1.9355939948371233e-8
44.8	1.903680892280883e-8
45.	1.8725898491196863e-8
45.2	1.8415098967353145e-8
45.4	1.8114105249670217e-8
45.6	1.781561907858089e-8
45.8	1.7523341324721992e-8
46.	1.7235602975125444e-8
46.2	1.695467616860933e-8
46.4	1.6683638774930872e-8
46.6	1.6405240658615938e-8
46.8	1.6138591812361085e-8
47.	1.587576153691829e-8
47.2	1.5617705134938516e-8
47.4	1.5364262329524406e-8
47.6	1.5115275187875046e-8
47.8	1.4870770514188888e-8
48.	1.463037603356395e-8
48.2	1.4394279881535571e-8
48.4	1.4162317996175049e-8
48.6	1.393543228244599e-8
48.8	1.3710364637426302e-8
49.	1.3490823145752491e-8
49.2	1.327467630323448e-8
49.4	1.3062424984598216e-8
49.6	1.2853826076936733e-8
49.8	1.2649307925001668e-8
50.	1.244760831189703e-8
50.2	1.2250406435493965e-8
50.4	1.2073967719924811e-8
50.6	1.1864446197168436e-8
50.8	1.1676553050915341e-8
51.	1.1492492061943807e-8
51.2	1.1311351209453469e-8
51.4	1.1133269973136823e-8
51.6	1.095836678636468e-8
51.8	1.0786512382879703e-8
52.	1.061743269601168e-8
52.2	1.0451477908041392e-8
52.4	1.0288540687264586e-8
52.6	1.0128265252493444e-8
52.8	9.970740650319184e-9
53.	9.815958618487717e-9
53.2	9.66385238782287e-9
53.4	9.514336815051314e-9
53.6	9.367375815376091e-9
53.8	9.22295697373749e-9
54.	9.08083637860157e-9
54.2	8.941588966630326e-9
54.4	8.804390179704043e-9
54.6	8.669579797199164e-9
54.8	8.537065213690577e-9
55.	8.40234826653082e-9
55.2	8.280776035338115e-9
55.4	8.152959423588948e-9
55.6	8.03809385680103e-9
55.8	7.907698689454247e-9
56.	7.788155068899774e-9
56.2	7.670577851418338e-9
56.4	7.554998066855531e-9
56.6	7.44133153302209e-9
56.8	7.329578207311428e-9
57.	7.2197687863475505e-9
57.2	7.111756535429236e-9
57.4	7.00554446263932e-9
57.6	6.901264314720166e-9
57.8	6.7984883000529975e-9
58.	6.69756871661219e-9
58.2	6.598260051978312e-9
58.4	6.500731258799348e-9
58.6	6.404568949030532e-9
58.8	6.310094032908456e-9
59.	6.225730026875666e-9
59.2	6.125996962199383e-9
59.4	6.036180760529744e-9
59.6	5.947825329578186e-9
59.8	5.860919031575729e-9
60.	5.775479416450681e-9