45.	0.32563024340058316
44.8	0.32580439264850497
44.6	0.32598054415849004
44.4	0.326158729283901
44.2	0.32633898073987
44.	0.32652133144610207
43.8	0.3267058151793497
43.6	0.3268924663521182
43.4	0.32708132024294456
43.2	0.3272724125131155
43.	0.3274657796748504
42.8	0.32766145916147543
42.6	0.3278594893077725
42.4	0.32805990877819197
42.2	0.32826275737813126
42.	0.32846807573719683
41.8	0.3286759051530729
41.6	0.3288862880571497
41.4	0.3290992674297318
41.2	0.3293148875894259
41.	0.32953319358165706
40.8	0.3297542313747476
40.6	0.3299780480743906
40.4	0.33020469174180966
40.2	0.33043421136122286
40.	0.33066665727129796
39.8	0.33090208072480976
39.6	0.33114053411299543
39.4	0.33138207119678625
39.2	0.3316267463395228
39.	0.33187461596620704
38.8	0.3321257372237724
38.6	0.3323801686791965
38.4	0.3326379702409534
38.2	0.33289920318085386
38.	0.33316393016680146
37.8	0.33343221532610057
37.6	0.33370412454193576
37.4	0.3339797240471767
37.2	0.33425908372108654
37.	0.3345422727513621
36.8	0.3348293638497819
36.6	0.3351204305085709
36.4	0.3354155479715452
36.2	0.33571479362319656
36.	0.33601824646605044
35.8	0.33632598745507736
35.6	0.3366380995958867
35.4	0.3369546675581224
35.2	0.33727577876747544
35.	0.33760152215532707
34.8	0.337931989137784
34.6	0.3382672733650985
34.4	0.33860747079358927
34.2	0.3389526796901418
34.	0.3393030010555389
33.8	0.33965853812696295
33.6	0.34001939705617146
33.4	0.34038568644693395
33.2	0.3407575178529733
33.	0.34113500565941063
32.8	0.34151826719612616
32.6	0.34190742291595383
32.4	0.34230259634078486
32.2	0.3427039142469091
32.	0.3431115068042951
31.8	0.34352550765546824
31.6	0.3439460539248432
31.4	0.34437328651499755
31.2	0.3448073500616569
31.	0.3452483931277594
30.8	0.3456965683358162
30.6	0.3461520325313007
30.4	0.3466149467936539
30.2	0.34708547668920264
30.	0.3475637924377554
29.8	0.348050068979909
29.6	0.3485444861832575
29.4	0.34904722889511086
29.2	0.34955848743946866
29.	0.3500784572842469
28.8	0.35060733985182185
28.6	0.3511453420621759
28.4	0.35169267700209855
28.2	0.35224956390989665
28.	0.35281622849557026
27.8	0.3533929031532531
27.6	0.3539798270736069
27.4	0.3545772467094172
27.2	0.3551854157080047
27.	0.3558045955853507
26.8	0.3564350555651923
26.6	0.35707707325934396
26.4	0.35773093468125444
26.2	0.35839693472809964
26.	0.35907537738227374
25.8	0.3597665759050269
25.6	0.36047085387869227
25.4	0.3611885446159604
25.2	0.3619199921973397
25.	0.36266555162188174
24.8	0.3634255892975626
24.6	0.36420048333199484
24.4	0.36499062428941137
24.2	0.36579641528942414
24.	0.3666182727751275
23.8	0.36745662682333924
23.6	0.3683119219663714
23.4	0.3691846173453293
23.2	0.37007518764697755
23.	0.3709841235596631
22.8	0.3719119323704847
22.6	0.3728591389551542
22.4	0.3738262856095172
22.2	0.37481393408339925
22.	0.37582266528555125
21.8	0.376853080433435
21.6	0.3779058019083068
21.4	0.3789814742944087
21.2	0.3800807648644833
21.	0.3812043648409605
20.8	0.3823529902551852
20.6	0.38352738335665815
20.4	0.3847283131236186
20.2	0.3859565768650498
20.	0.3872130012557192
19.8	0.38849844349747337
19.6	0.38981379293336016
19.4	0.3911599720767298
19.2	0.39253793837437545
19.	0.3939486854957669
18.8	0.3953932450202666
18.6	0.3968726880585795
18.4	0.3983881270903657
18.2	0.3999407177327926
18.	0.40153166057910655
17.8	0.40316220341392445
17.6	0.4048336430471891
17.4	0.40654732772004426
17.2	0.40830465944215444
17.	0.4101070958179103
16.8	0.41195615372529415
16.6	0.4138534107267516
16.4	0.4158005084460207
16.2	0.417799156378892
16.	0.41985113210989977
15.8	0.4219582872002584
15.6	0.4241225491351414
15.4	0.4263459256863006
15.2	0.4286305067666566
15.	0.4309784699653895
14.8	0.4333920825196261
14.6	0.4358737065019129
14.4	0.43842580287756777
14.2	0.4410509337102871
14.	0.44375176903190655
13.8	0.44653108948330944
13.6	0.4493917899220057
13.4	0.4523368851605685
13.2	0.4553695141237891
13.	0.4584929418422998
12.8	0.4617105660918848
12.6	0.4650259203098885
12.4	0.4684426740301417
12.2	0.47196463923887655
12.	0.4755957722711638
11.8	0.47934017125931827
11.6	0.4832020789556945
11.4	0.48718588242226846
11.2	0.4912961055117036
11.	0.49553740658937856
10.8	0.4999145684457295
10.6	0.504432485503982
10.4	0.5090961474223075
10.2	0.5139106166207229
10.	0.5188809984344275
9.8	0.524012404166213
9.6	0.5293099031345111
9.4	0.5347784631574107
9.2	0.5404228780279543
9.	0.5462476772078868
8.8	0.5522570186462928
8.6	0.5584545611758449
8.4	0.5648433148718998
8.2	0.5714254748371156
8.	0.57820223340772
7.8	0.5851735882175207
7.6	0.5923381455805123
7.4	0.5996929492269842
7.2	0.6072333473480809
7.	0.6149529265113243
6.8	0.6228435341601041
6.6	0.6308954005643302
6.4	0.6390973474362863
6.2	0.6474370347025424
6.	0.6559011632083274
5.8	0.6644755225239394
5.6	0.6731447269636041
5.4	0.6818915378794798
5.2	0.6906956051656342
5.	0.699531570544825
45.	0.32563024340058316
45.2	0.3254580648696677
45.4	0.32528782652419663
45.6	0.3251194988145847
45.8	0.32495305190939416
46.	0.3247884573107531
46.2	0.3246256865926845
46.4	0.3244647121565319
46.6	0.32430550662493224
46.8	0.3241480435957267
47.	0.3239922969895178
47.2	0.32383824072315204
47.4	0.3236858498849859
47.6	0.32353509994773716
47.8	0.323385966298952
48.	0.32323842516938683
48.2	0.3230924534552905
48.4	0.32294802817928
48.6	0.3228051266179123
48.8	0.32266372690812195
49.	0.3225238073005574
49.2	0.3223853465786597
49.4	0.32224832345658805
49.6	0.32211271784484286
49.8	0.3219785094479921
50.	0.32184567855396434
50.2	0.3217142053051441
50.4	0.3215840710728679
50.6	0.3214552569030947
50.8	0.3213277443874424
51.	0.32120151539139746
51.2	0.32107655213110725
51.4	0.3209528373403237
51.6	0.3208303533471352
51.8	0.3207090837446872
52.	0.32058901179735233
52.2	0.32047012104538214
52.4	0.32035239571152385
52.6	0.32023582013701285
52.8	0.3201203783007729
53.	0.32000605553615713
53.2	0.3198928367036362
53.4	0.31978070708789746
53.6	0.31966965241322004
53.8	0.3195596579967587
54.	0.31945071026629596
54.2	0.31934279548142247
54.4	0.31923589985925094
54.6	0.31913001033435284
54.8	0.3190251139786279
55.	0.31892119726412593
55.2	0.31881824822933413
55.4	0.3187162541773966
55.6	0.31861520297013485
55.8	0.31851508244302174
56.	0.31841588075278554
56.2	0.3183175861991545
56.4	0.31822018739531494
56.6	0.3181236732183429
56.8	0.3180280321325707
57.	0.3179332536758164
57.2	0.3178393267398175
57.4	0.31774624091368864
57.6	0.3176539857856301
57.8	0.31756255099518066
58.	0.31747192650288564
58.2	0.31738210240845577
58.4	0.31729306885829844
58.6	0.31720481617126484
58.8	0.3171173349598903
59.	0.3170306159841585
59.2	0.3169446496657631
59.4	0.31685942732470346
59.6	0.31677493992093975
59.8	0.31669117861511176
60.	0.31660813484696765
60.2	0.3165258000453709
60.4	0.3164441658453478
60.6	0.31636322389897675
60.8	0.31628296617539076
61.	0.31620338457268293
61.2	0.3161244712483147
61.4	0.3160462183593442
61.6	0.3159686183150137
61.8	0.3158916634531541
62.	0.3158153463901551
62.2	0.31573965979580165
62.4	0.3156645963949901
62.6	0.31559014913093636
62.8	0.3155163109034621
63.	0.31544307486336165
63.2	0.31537043413306914
63.4	0.31529838199930915
63.6	0.3152269118832054
63.8	0.3151560172188629
64.	0.31508569155117605
64.2	0.31501592852443816
64.4	0.3149467219150855
64.6	0.3148780655834252
64.8	0.31480995332829464
65.	0.3147423792896847
65.2	0.3146753374890991
65.4	0.31460882205925156
65.6	0.3145428273424439
65.8	0.31447734757503865
66.	0.31441237722661813
66.2	0.31434791076686047
66.4	0.31428394275016774
66.6	0.3142204678139027
66.8	0.3141574806741683
67.	0.3140949761032675
67.2	0.3140329489352179
67.4	0.31397139416057085
67.6	0.3139103066869187
67.8	0.31384968162682225
68.	0.3137895140572706
68.2	0.31372979921694977
68.4	0.3136705323438571
68.6	0.31361170871999244
68.8	0.3135533237775351
69.	0.3134953729220647
69.2	0.3134378516663155
69.4	0.31338075556874156
69.6	0.3133240802560579
69.8	0.3132678213930407
70.	0.31321197470814066
70.2	0.3131565360036927
70.4	0.313101501128792
70.6	0.31304686593453124
70.8	0.3129926264171191
71.	0.3129387785585882
71.2	0.3128853184215597
71.4	0.31283224210607957
71.6	0.3127795457486687
71.8	0.31272722559942956
72.	0.31267527785144367
72.2	0.3126236988322085
72.4	0.31257248486801337
72.6	0.3125216324091742
72.8	0.3124711378245404
73.	0.31242099762388165
73.2	0.3123712083324157
73.4	0.3123217664976703
73.6	0.31227266874010423
73.8	0.3122239117629044
74.	0.3121754921714248
74.2	0.3121274068114928
74.4	0.31207965236334406
74.6	0.31203222567400324
74.8	0.3119851236275701
75.	0.3119383430190693
75.2	0.3118918809260539
75.4	0.3118457342193144
75.6	0.3117998998974287
75.8	0.31175437505968945
76.	0.3117091567861605
76.2	0.3116642421253399
76.4	0.311619628238268
76.6	0.3115753123568607
76.8	0.31153129165045357
77.	0.3114875633640406
77.2	0.31144412484128237
77.4	0.3114009732981927
77.6	0.31135810614344134
77.8	0.31131552074029933
78.	0.3112732144866975
78.2	0.3112311848393002
78.4	0.3111894292408098
78.6	0.3111479451954101
78.8	0.311106730256125
79.	0.3110657819268733
79.2	0.31102509782471516
79.4	0.310984675560547
79.6	0.31094451278080004
79.8	0.31090460711814255
80.	0.3108649562794386