# pos     time      freq       fta
   30     15.480  0.0646009  1.010e-03
   51     25.966  0.0385121  4.118e-04
   68     34.455  0.0290236  1.700e-04
   85     42.944  0.0232864  6.003e-05
  100     50.434  0.0198280  1.394e-05
  116     58.423  0.0171165  2.119e-06
  132     66.413  0.0150574  3.610e-07
  137     68.909  0.0145118  2.431e-07
  142     71.406  0.0140044  1.429e-07
  147     73.903  0.0135313  1.042e-07
  152     76.400  0.0130891  8.450e-08
  157     78.896  0.0126749  6.974e-08
  163     81.892  0.0122111  6.153e-08
  168     84.389  0.0118499  5.744e-08
  173     86.886  0.0115094  5.429e-08
  178     89.383  0.0111879  5.191e-08
  183     91.879  0.0108839  5.005e-08
 2217   1107.544  0.0009029  5.005e-08
 2222   1110.041  0.0009009  5.191e-08
 2227   1112.538  0.0008988  5.429e-08
 2232   1115.035  0.0008968  5.744e-08
 2237   1117.531  0.0008948  6.153e-08
 2243   1120.527  0.0008924  6.974e-08
 2248   1123.024  0.0008905  8.450e-08
 2253   1125.521  0.0008885  1.042e-07
 2258   1128.018  0.0008865  1.429e-07
 2263   1130.514  0.0008846  2.431e-07
 2268   1133.011  0.0008826  3.610e-07
 2284   1141.000  0.0008764  2.119e-06
 2300   1148.990  0.0008703  1.394e-05
 2315   1156.480  0.0008647  6.003e-05
 2332   1164.969  0.0008584  1.700e-04
 2349   1173.458  0.0008522  4.118e-04
 2370   1183.944  0.0008446  1.010e-03
