5.	0.14640800618813984
4.95	0.14623542351900587
4.9	0.14606271794539644
4.85	0.14588988844029332
4.8	0.1457169341514275
4.75	0.14554385480819632
4.699999999999999	0.14537064951479112
4.6499999999999995	0.14519731769274516
4.6000000000000005	0.14502385864298784
4.55	0.14485027166072195
4.5	0.14467655652702996
4.45	0.14450271176567853
4.4	0.14432873651836975
4.35	0.14415463100093343
4.3	0.14398039415949568
4.25	0.14380602510348156
4.2	0.14363152322073047
4.1499999999999995	0.14345688782660398
4.1000000000000005	0.14328211805899685
4.050000000000001	0.14310721330448198
4.	0.14293217285875323
3.95	0.14275699578013715
3.9000000000000004	0.14258168139070926
3.85	0.1424062289212099
3.8	0.14223063761068389
3.75	0.1420549066134681
3.7	0.14187903517103118
3.65	0.14170302247716884
3.5999999999999996	0.14152686771095316
3.55	0.14135057008340135
3.5	0.141174128767421
3.4499999999999997	0.14099754291455277
3.3999999999999995	0.14082081168299293
3.3499999999999996	0.14064393420367555
3.3	0.14046690964614428
3.25	0.14028973715607926
3.2	0.14011241577522274
3.15	0.13993494477338125
3.1	0.13975732308275524
3.05	0.13957954982085083
3.	0.1394016242443535
2.95	0.13922354526525282
2.9000000000000004	0.13904531197574124
2.8500000000000005	0.13886692347793864
2.8000000000000003	0.13868837879218415
2.75	0.13850967698172123
2.7	0.13833081705577208
2.6500000000000004	0.13815179799136287
2.6	0.13797261888847404
2.55	0.13779327866928934
2.5	0.137613776345213
2.45	0.1374341108813557
2.4	0.13725428125456346
2.3499999999999996	0.13707428647367292
2.3	0.1368941253482527
2.25	0.13671379686761417
2.1999999999999997	0.1365333000868893
2.1500000000000004	0.13635263370414122
2.1	0.13617179659223486
2.0500000000000003	0.1359907877988567
2.	0.13580960613743562
1.9500000000000002	0.1356282504573791
1.9	0.13544671957883977
1.85	0.13526501238137856
1.7999999999999998	0.13508312762968439
1.75	0.13490106449482453
1.6999999999999997	0.13471882064187016
1.65	0.13453639617444052
1.5999999999999996	0.13435378894647024
1.5500000000000003	0.13417099825214246
1.5000000000000002	0.13398802260046178
1.4500000000000002	0.13380486096449828
1.4000000000000001	0.13362151146682025
1.35	0.1334379731877162
1.3	0.13325424430181887
1.25	0.13307032453262255
1.2	0.1328862115665921
1.15	0.13270190429988313
1.0999999999999999	0.13251740107316165
1.0499999999999998	0.1323327011682619
0.9999999999999998	0.13214780240569748
0.9499999999999997	0.13196270372194838
0.9000000000000002	0.131777403544207
0.8500000000000002	0.13159190016335967
0.8000000000000002	0.13140619266011688
0.7500000000000001	0.1312202789319898
0.7000000000000001	0.13103415754325715
0.65	0.13084782706898077
0.6	0.1306612857578133
0.5499999999999999	0.13047453217064514
0.4999999999999999	0.13028756466415908
0.44999999999999984	0.13010038133453075
0.3999999999999998	0.1299129805966233
0.34999999999999976	0.12972536075972393
0.30000000000000027	0.12953752023116502
0.2500000000000002	0.12934945727478528
0.20000000000000018	0.12916116962552018
0.15000000000000013	0.12897265610170744
0.10000000000000009	0.12878391455380492
0.050000000000000044	0.12859494317802295
0.	0.1284057400598297
5.	0.14640800618813984
5.05	0.14658046557055807
5.1	0.14675280323006992
5.15	0.14692501979837286
5.2	0.14709711521544508
5.25	0.1472690907341702
5.300000000000001	0.1474409463978157
5.3500000000000005	0.14761268324776788
5.4	0.1477843017948265
5.45	0.1479558025842288
5.5	0.14812718640516204
5.550000000000001	0.14829845337899528
5.6000000000000005	0.1484696047621333
5.6499999999999995	0.14864064022503945
5.700000000000001	0.14881156107578905
5.75	0.14898236746417431
5.8	0.1491530602497585
5.85	0.14932363991008848
5.8999999999999995	0.14949410711140831
5.949999999999999	0.14966446182419577
6.	0.14983470547204092
6.05	0.15000483756712793
6.1	0.15017485973110264
6.15	0.15034477169114058
6.2	0.15051457423332962
6.25	0.15068426801257365
6.3	0.15085385385502106
6.35	0.15102333098860654
6.4	0.15119270114987282
6.45	0.15136196457886647
6.5	0.1515311219432499
6.550000000000001	0.15170017282979603
6.6000000000000005	0.15186911883249707
6.65	0.15203795994217598
6.7	0.15220669615710677
6.75	0.15237532915742655
6.799999999999999	0.15254385803846482
6.8500000000000005	0.15271228475008922
6.8999999999999995	0.15288060819550708
6.950000000000001	0.1530488304193241
7.	0.15321695024246226
7.05	0.15338496945578067
7.1	0.153552887963888
7.1499999999999995	0.1537207062933353
7.199999999999999	0.15388842495194396
7.25	0.1540560442929378
7.3	0.1542235647104652
7.35	0.1543909868286251
7.4	0.1545583108889401
7.45	0.15472553749369233
7.5	0.15489266693907378
7.55	0.155059699728367
7.6	0.15522663615788806
7.65	0.15539347673329787
7.7	0.15556022197576272
7.75	0.15572687213889325
7.800000000000001	0.15589342781820748
7.85	0.15605988913281335
7.9	0.1562262566185584
7.949999999999999	0.15639253094499098
8.	0.15655871206292626
8.049999999999999	0.15672480053057472
8.100000000000001	0.15689079695973474
8.149999999999999	0.15705670152931916
8.200000000000001	0.1572225146118355
8.25	0.1573882367185201
8.3	0.15755386815008077
8.35	0.1577194092085195
8.4	0.15788486049834327
8.45	0.158050222259642
8.5	0.1582154947119684
8.55	0.1583806783159262
8.6	0.15854577362781086
8.65	0.15871078085804924
8.7	0.1588757004533213
8.75	0.15904053254130884
8.8	0.15920527785796235
8.85	0.15936993619634485
8.9	0.15953450844661726
8.95	0.1596989947939046
9.	0.15986339553354886
9.05	0.16002771093073845
9.1	0.16019194147122703
9.15	0.16035608748470317
9.2	0.16052014918072086
9.25	0.16068412705541
9.299999999999999	0.16084802131197423
9.350000000000001	0.16101183236913766
9.399999999999999	0.16117556050644993
9.450000000000001	0.16133920609190286
9.5	0.16150276942483727
9.55	0.16166625073325577
9.6	0.16182965059090337
9.65	0.1619929689965712
9.7	0.1621562065431765
9.75	0.16231936331400793
9.8	0.16248243976889878
9.85	0.1626454361508117
9.9	0.162808352820167
9.95	0.16297119004733632
10.	0.16313394798147113
10.049999999999999	0.16329662742336434
10.1	0.16345922820409337
10.150000000000002	0.16362175068137838
10.2	0.1637841952425751
10.25	0.16394656220317463
10.3	0.16410885171303205
10.350000000000001	0.16427106426427948
10.4	0.16443320001572878
10.45	0.16459525924837679
10.5	0.16475724236291772
10.55	0.16491914942605373
10.600000000000001	0.1650809809883103
10.649999999999999	0.16524273715000962
10.7	0.16540441819685725
10.75	0.16556602446257684
10.8	0.16572755602753136
10.85	0.16588901370553275
10.899999999999999	0.1660503972206532
10.95	0.16621170703605295
11.	0.1663729433733567
11.05	0.16653410655413783
11.099999999999998	0.16669519680293896
11.15	0.16685621431131473
11.200000000000001	0.1670171596129444
11.25	0.16717803260592168
11.299999999999999	0.16733883392420937
11.35	0.16749956350568782
11.400000000000002	0.16766022168138583
11.45	0.16782080885264156
11.5	0.16798132503066995
11.55	0.1681417707878721
11.600000000000001	0.16830214589526246
11.65	0.16846245136958374
11.7	0.16862268650803738
11.75	0.16878285243729735
11.8	0.16894294888233707
11.850000000000001	0.16910297591133552
11.899999999999999	0.16926293452280033
11.95	0.16942282427954874
12.	0.1695826453888165
12.05	0.16974239855992218
12.1	0.16990208401212867
12.149999999999999	0.1700617015189731
12.2	0.17022125140327798
12.25	0.17038073422174035
12.3	0.17054015003808173
12.349999999999998	0.17069949935521841
12.4	0.17085878162362483
12.450000000000001	0.17101799782282182
12.5	0.1711771479248503
12.549999999999999	0.17133623218035884
12.6	0.17149525074290664
12.650000000000002	0.1716542039088247
12.7	0.1718130921395197
12.75	0.17197191487590308
12.8	0.17213067307197652
12.850000000000001	0.17228936679446755
12.9	0.17244799615813525
12.95	0.1726065614785269
13.	0.17276506247325882
13.05	0.17292350030362852
13.100000000000001	0.17308187440695685
13.149999999999999	0.17324018510954603
13.2	0.1733984328486023
13.25	0.17355661777828418
13.3	0.1737147402166036
13.35	0.17387279988215162
13.399999999999999	0.17403079747990083
13.45	0.174188733019607
13.5	0.17434660711640138
13.55	0.1745044189887371
13.599999999999998	0.17466216964051792
13.65	0.1748198590803168
13.700000000000001	0.17497748729348347
13.75	0.17513505476562574
13.799999999999999	0.1752925619081927
13.85	0.17545000847165731
13.900000000000002	0.17560739451623947
13.95	0.17576472082658676
14.	0.1759219870617333
14.05	0.17607919381609188
14.100000000000001	0.1762363407931679
14.15	0.176393428757774
14.2	0.17655045722826002
14.25	0.17670742712836873
14.3	0.17686433822602476
14.350000000000001	0.17702119083691734
14.399999999999999	0.1771779849413978
14.45	0.17733472100993966
14.5	0.17749139902108763
14.55	0.1776480192258508
14.6	0.17780458175975214
14.649999999999999	0.17796108679264763
14.7	0.1781175347150166
14.75	0.17827392551572832
14.8	0.17843025926766412
14.849999999999998	0.17858653628408722
14.9	0.1787427568859793
14.950000000000001	0.17889892130411805
15.	0.17905502905533358