45.	-1.2075406982367061e-10
44.8	-1.2551474008548926e-10
44.6	-1.3142548703031792e-10
44.4	-1.3705055917149799e-10
44.2	-1.4310656324607514e-10
44.	-1.4935702343928694e-10
43.8	-1.5589770300656823e-10
43.6	-1.6198677839452495e-10
43.4	-1.699253203691101e-10
43.2	-1.77486649337152e-10
43.	-1.8492502921755982e-10
42.8	-1.9354050773298963e-10
42.6	-2.0217674245988273e-10
42.4	-2.0101751883547705e-10
42.2	-2.207078058446919e-10
42.	-2.306354426143276e-10
41.8	-2.4107126811499337e-10
41.6	-2.520015331297157e-10
41.4	-2.6346379205547244e-10
41.2	-2.754900276672966e-10
41.	-2.881080026404589e-10
40.8	-3.0135732478266874e-10
40.6	-3.146647054553435e-10
40.4	-3.2986285756265696e-10
40.2	-3.4515570497270053e-10
40.	-3.6102688450853423e-10
39.8	-3.7810825902276133e-10
39.6	-3.95903905227054e-10
39.4	-4.1457889493967027e-10
39.2	-4.3417844687509426e-10
39.	-4.5484691310287134e-10
38.8	-4.764761436900103e-10
38.6	-4.994845276874686e-10
38.4	-5.232750199644192e-10
38.2	-5.485394859603622e-10
38.	-5.750958812924529e-10
37.8	-6.030553439955504e-10
37.6	-6.325014742100594e-10
37.4	-6.63510417703983e-10
37.2	-6.961888832868185e-10
37.	-7.303992081467367e-10
36.8	-7.669275173289079e-10
36.6	-8.051214346821084e-10
36.4	-8.453263140046421e-10
36.2	-8.879979782959076e-10
36.	-9.328721235976761e-10
35.8	-9.802211921929169e-10
35.6	-1.0301943720971644e-9
35.4	-1.0829540656093754e-9
35.2	-1.1386741097688782e-9
35.	-1.1975578135997038e-9
34.8	-1.2597557591725246e-9
34.6	-1.3255436561704662e-9
34.4	-1.3950256414964387e-9
34.2	-1.468545507942634e-9
34.	-1.5462894528699671e-9
33.8	-1.628565956569752e-9
33.6	-1.7156789101945888e-9
33.4	-1.8079143302525675e-9
33.2	-1.9056268195933097e-9
33.	-2.0091209642026527e-9
32.8	-2.1188169114529618e-9
32.6	-2.2350729387765743e-9
32.4	-2.358351350218425e-9
32.2	-2.48922444659035e-9
32.	-2.6280316450915282e-9
31.8	-2.775373951904093e-9
31.6	-2.9318746351058e-9
31.4	-3.0981743774401737e-9
31.2	-3.2748257378226865e-9
31.	-3.4626274410432603e-9
30.8	-3.662365281764496e-9
30.6	-3.874818659431191e-9
30.4	-4.10093547361116e-9
30.2	-4.341670218981073e-9
30.	-4.598124558596776e-9
29.8	-4.87130970432171e-9
29.6	-5.162539651170326e-9
29.4	-5.473046288234918e-9
29.2	-5.804366998389502e-9
29.	-6.15790345425033e-9
28.8	-6.535441797379588e-9
28.6	-6.938679425037119e-9
28.4	-7.36962535607487e-9
28.2	-7.832116475895922e-9
28.	-8.32308941099653e-9
27.8	-8.850481995710701e-9
27.6	-9.4150485827644e-9
27.4	-1.0019833768650263e-8
27.2	-1.0669447321553178e-8
27.	-1.136283624809944e-8
26.8	-1.2108196059615983e-8
26.6	-1.2908379019251387e-8
26.4	-1.3767750703810248e-8
26.2	-1.4690450060295072e-8
26.	-1.5682812776710517e-8
25.8	-1.6750267279876732e-8
25.6	-1.7899202208528353e-8
25.4	-1.9136482495450427e-8
25.2	-2.0468422602889187e-8
25.	-2.1906179938052152e-8
24.8	-2.345686521053074e-8
24.6	-2.5129965447791134e-8
24.4	-2.693798028718014e-8
24.2	-2.8891261837387357e-8
24.	-3.100433585035752e-8
23.8	-3.3291947794280924e-8
23.6	-3.5768374034210575e-8
23.4	-3.8452147054270105e-8
23.2	-4.1363251512032815e-8
23.	-4.452252991844016e-8
22.8	-4.795462924552477e-8
22.6	-5.168294018524576e-8
22.4	-5.574302980970792e-8
22.2	-6.016198939249468e-8
22.	-6.497364324771367e-8
21.8	-7.02211802870066e-8
21.6	-7.595030071398822e-8
21.4	-8.220973875948228e-8
21.2	-8.904792709184025e-8
21.	-9.653534261212157e-8
20.8	-1.0473493527881484e-7
20.6	-1.1372674483398436e-7
20.4	-1.2358796451380464e-7
20.2	-1.3442473766397509e-7
20.	-1.4634268111298258e-7
19.8	-1.5946014491169676e-7
19.6	-1.7391315379456392e-7
19.4	-1.898604210157129e-7
19.2	-2.0746832322364414e-7
19.	-2.2693656591251754e-7
18.8	-2.4849173227182855e-7
18.6	-2.723797514934904e-7
18.4	-2.988881890222635e-7
18.2	-3.283306354115055e-7
18.	-3.61113020115427e-7
17.8	-3.976140761644678e-7
17.6	-4.3834043351942096e-7
17.4	-4.838258264191479e-7
17.2	-5.347343798051398e-7
17.	-5.917696499752748e-7
16.8	-6.557756736523558e-7
16.6	-7.277222346922976e-7
16.4	-8.087257227263627e-7
16.2	-9.000584590877791e-7
16.	-1.0032427412766928e-6
15.8	-1.1200168570836637e-6
15.6	-1.2524089946734129e-6
15.4	-1.4027857107133269e-6
15.2	-1.5739272075536792e-6
15.	-1.769097944339995e-6
14.8	-1.9921090585733045e-6
14.6	-2.24750357527636e-6
14.4	-2.5406105259499447e-6
14.2	-2.877754053277961e-6
14.	-3.2664464255112826e-6
13.8	-3.715643605992591e-6
13.6	-4.236084159340819e-6
13.4	-4.84052297571141e-6
13.2	-5.5443926685117535e-6
13.	-6.3662847612560695e-6
12.8	-7.32863468039124e-6
12.6	-8.458669302303202e-6
12.4	-9.789528350579107e-6
12.2	-0.000011361645603433305
12.	-0.000013224512035919584
11.8	-0.000015439000961774188
11.6	-0.00001808010136400032
11.4	-0.000021240563664553312
11.2	-0.00002503562615523778
11.	-0.000029608688715333202
10.8	-0.000035139019335967435
10.6	-0.000041851486932581336
10.4	-0.000050028834110696124
10.2	-0.00006002825923986449
10.	-0.00007230181132105762
45.	-1.2075135273819974e-10
45.2	-1.1576425637279621e-10
45.4	-1.1088925487316309e-10
45.6	-1.064368753632775e-10
45.8	-1.0212283534889688e-10
46.	-7.641011939523655e-11
46.2	-9.390732075778437e-11
46.4	-9.008401388963196e-11
46.6	-8.645473331008856e-11
46.8	-8.348624497423315e-11
47.	-7.957519536158101e-11
47.2	-7.63709175273826e-11
47.4	-7.329211852096371e-11
47.6	-7.035431236784539e-11
47.8	-6.754397051594186e-11
48.	-6.518622721405402e-11
48.2	-5.835260740840623e-11
48.4	-5.977100522386727e-11
48.6	-5.735855780647096e-11
48.8	-5.512935369761149e-11
49.	-5.287290101432584e-11
49.2	-5.085157605101899e-11
49.4	-4.884596075642863e-11
49.6	-4.6920263453561665e-11
49.8	-4.507761131017547e-11
50.	-4.331034990962768e-11
50.2	-4.161531974346189e-11
50.4	-3.998831347050598e-11
50.6	-3.842819975662303e-11
50.8	-3.693079249655521e-11
51.	-3.547806589461628e-11
51.2	-3.4114552348172446e-11
51.4	-3.279349384034478e-11
51.6	-3.152814742344268e-11
51.8	-3.0303287687054077e-11
52.	-2.903146755627859e-11
52.2	-2.8009808183345543e-11
52.4	-2.6936023826431014e-11
52.6	-2.590643606210179e-11
52.8	-2.474271277913267e-11
53.	-2.3942698310651637e-11
53.2	-2.4026665288894103e-11
53.4	-2.2142635439889415e-11
53.6	-2.1304109893167056e-11
53.8	-2.1481644491562683e-11
54.	-1.9699391887122215e-11
54.2	-1.8759474974558134e-11
54.4	-1.822495668572586e-11
54.6	-1.753018217843303e-11
54.8	-1.7019128627503624e-11
55.	-1.6206118550863514e-11
55.2	-1.5603662260566747e-11
55.4	-1.5011342244310102e-11
55.6	-1.509115053944853e-11
55.8	-1.3892567971378813e-11
56.	-1.3366311317024605e-11
56.2	-1.2859174966045756e-11
56.4	-1.4827268163961565e-11
56.6	-1.1901542825196976e-11
56.8	-9.881388789370838e-12
57.	-1.0837060743769843e-11
57.2	-1.0599774805555129e-11
57.4	-1.0198245124515657e-11
57.6	-9.81183568942323e-12
57.8	-8.81864986679808e-12
58.	-9.0826108473293e-12
58.2	-1.0333624984220331e-11
58.4	-8.406770177063307e-12
58.6	-8.08823461729949e-12
58.8	-7.781168237155545e-12
59.	-7.486092331926297e-12
59.2	-7.200916880172425e-12
59.4	-6.928196361308904e-12
59.6	-6.664672781145283e-12
59.8	-6.411136685995956e-12
60.	-6.166980011558914e-12
60.2	-5.932746368164664e-12
60.4	-5.705867861236589e-12
60.6	-5.407869542169379e-12
60.8	-5.27796211174521e-12
61.	-5.0761017548633046e-12
61.2	-4.882467775206112e-12
61.4	-4.694409634694897e-12
61.6	-4.514125412054053e-12
61.8	-5.601350648498957e-12
62.	-5.991270733782294e-12
62.2	-2.78225939398055e-12
62.4	-3.8530064596128876e-12
62.6	-3.706824905862749e-12
62.8	-3.5628572436216794e-12
63.	-3.4105333026371034e-12
63.2	-3.2907250971078273e-12
63.4	-3.1619971306142045e-12
63.6	-3.0379256187580002e-12
63.8	-3.192909825096085e-12
64.	-2.8034282454065066e-12
64.2	-2.692711758719515e-12
64.4	-2.586043218980743e-12
64.6	-2.4834334790351547e-12
64.8	-2.457208628180319e-12
65.	-2.2889981454305317e-12
65.2	-2.1967383174677503e-12
65.4	-3.2375556883292337e-12
65.6	-2.022851699195373e-12
65.8	-1.8814037724335213e-12
66.	-1.861580400365226e-12
66.2	-1.785254183100321e-12
66.4	-1.983254900142192e-12
66.6	-1.6408995453767633e-12
66.8	-1.5009703861986238e-12
67.	-1.5070533418960948e-12
67.2	-1.4437917705926042e-12
67.4	-1.5450588193998198e-12
67.6	-1.3240440435742762e-12
67.8	-1.2669559025680074e-12
68.	-1.2130614418157847e-12
68.2	-1.1604967999474275e-12
68.4	-1.1100529263612044e-12
68.6	-1.0612821580451606e-12
68.8	-1.0143210789440681e-12
69.	-9.692307267468717e-13
69.2	-9.82995491291727e-13
69.4	-1.0770507271658506e-12
69.6	-8.434040833309132e-13
69.8	-8.046008300813332e-13
70.	-7.66761727487596e-13
70.2	-7.311421571061437e-13
70.4	-7.002884833215626e-13
70.6	-6.630414600898772e-13
70.8	-6.309398210704726e-13
71.	-8.024958377681267e-13
71.2	-5.701705976086029e-13
71.4	-5.303160409056344e-13
71.6	-5.139141924798016e-13
71.8	-4.888891013365322e-13
72.	-4.617777569968006e-13
72.2	-4.371470446241715e-13
72.4	-4.1252567416116423e-13
72.6	-3.907597184740983e-13
72.8	-3.666603781230057e-13
73.	-3.4918997533571e-13
73.2	-3.276497206002259e-13
73.4	-5.053041342984913e-13
73.6	-2.8931502854040707e-13
73.8	-2.7128910160488244e-13
74.	-2.539681879737178e-13
74.2	-2.373370020069442e-13
74.4	-2.2132042413377994e-13
74.6	-4.003702827829728e-13
74.8	-1.9119854041909284e-13
75.	-1.7699676253485114e-13
75.2	-1.6337593638989775e-13
75.4	-1.4997448668590194e-13
75.6	-1.3772023950157852e-13
75.8	-1.256601117003446e-13
76.	-1.1606819242010453e-13
76.2	-1.0296878297146982e-13
76.4	-9.239545653785622e-14
76.6	2.2286424922796786e-13
76.8	-1.0570225340066014e-13
77.	-6.296119651773776e-14
77.2	-5.385975344463726e-14
77.4	-4.536417155031999e-14
77.6	-3.694756419250019e-14
77.8	-2.904781179906566e-14
78.	-2.122468669659738e-14
78.2	-1.4108039129882934e-14
78.4	-7.750930532997479e-15
78.6	-5.678659767457493e-16
78.8	5.780937442855465e-15
79.	1.1854985927944577e-14
79.2	1.791754716805495e-14
79.4	1.3889017988041315e-14
79.6	2.8500518137934563e-14
79.8	3.3572740699718955e-14
80.	3.827511771044334e-14