30.	1.0725411999738412e-7
29.8	1.1151210183549078e-7
29.6	1.1593914180429517e-7
29.4	1.205458393235577e-7
29.2	1.2537573875153708e-7
29.	1.3040330323921152e-7
28.8	1.356489303623038e-7
28.6	1.4099210997991182e-7
28.4	1.468425124254643e-7
28.2	1.5280639604747075e-7
28.	1.5903119692585406e-7
27.8	1.6553472784346863e-7
27.6	1.7232484779502796e-7
27.4	1.794172708150565e-7
27.2	1.868387691986779e-7
27.	1.9456779137792477e-7
26.8	2.02656650420888e-7
26.6	2.111078374186566e-7
26.4	2.19942034753747e-7
26.2	2.291776083832744e-7
26.	2.388296992167082e-7
25.8	2.4892441953868397e-7
25.6	2.5947864067528016e-7
25.4	2.705147928292124e-7
25.2	2.820588028754302e-7
25.	2.941358946296233e-7
24.8	3.067746005668117e-7
24.6	3.199985356930521e-7
24.4	3.33839337125152e-7
24.2	3.4832408088125886e-7
24.	3.6348710778062035e-7
23.8	3.7936137527046364e-7
23.6	3.959843892022367e-7
23.4	4.13392769308202e-7
23.2	4.316259941285389e-7
23.	4.5072390054856423e-7
22.8	4.7073151566994723e-7
22.6	4.916949673730208e-7
22.4	5.136614317702851e-7
22.2	5.366823122856058e-7
22.	5.608125934933717e-7
21.8	5.86108450754514e-7
21.6	6.126239066262329e-7
21.4	6.404283548901198e-7
21.2	6.695895789934217e-7
21.	7.00161636595386e-7
20.8	7.322338498695388e-7
20.6	7.658759713093873e-7
20.4	8.011697273815534e-7
20.2	8.381950757519498e-7
20.	8.770481611358812e-7
19.8	9.178183776870629e-7
19.6	9.606088799689315e-7
19.4	1.0055121893601821e-6
19.2	1.0526543359765614e-6
19.	1.1021329823307784e-6
18.8	1.1540768837744348e-6
18.6	1.208616594833432e-6
18.4	1.2658724638553688e-6
18.2	1.3259787952549435e-6
18.	1.3891179914095833e-6
17.8	1.4553549432194425e-6
17.6	1.5249565995791817e-6
17.4	1.5980590536000492e-6
17.2	1.674868128973624e-6
17.	1.7554579648803338e-6
16.8	1.8401191770740923e-6
16.6	1.9289619262612637e-6
16.4	2.022363270552582e-6
16.2	2.12030753611697e-6
16.	2.2232076145146183e-6
15.8	2.3312307375193708e-6
15.6	2.444641667162663e-6
15.4	2.5637485214826142e-6
15.2	2.688589798973283e-6
15.	2.819649751204976e-6
14.8	2.9571614256053e-6
14.6	3.1013770366423633e-6
14.4	3.252579989642307e-6
14.2	3.4110727335571024e-6
14.	3.5771441492067895e-6
13.8	3.7510684393428276e-6
13.6	3.933147263828992e-6
13.4	4.123647597281902e-6
13.2	4.32281219207601e-6
13.	4.530884139678178e-6
12.8	4.748073348604291e-6
12.6	4.974441787185898e-6
12.4	5.210326531408837e-6
12.2	5.455534404905221e-6
12.	5.7099650832746556e-6
11.8	5.9734705271778625e-6
11.6	6.245593687229732e-6
11.4	6.525613230741187e-6
11.2	6.8125794914481e-6
11.	7.104966505865927e-6
10.8	7.400646448552238e-6
10.6	7.696804929468951e-6
10.4	7.98934329160782e-6
10.2	8.272671481548949e-6
10.	8.539077495154239e-6
10.	8.53908469882002e-6
9.8	8.77775971555278e-6
9.6	8.973898958341623e-6
9.4	9.106436053998894e-6
9.2	9.145975609270045e-6
9.	9.050627386141834e-6
8.8	8.760569781292447e-6
8.6	8.189570900511495e-6
8.4	7.212331667936122e-6
8.2	5.645170769448562e-6
8.	3.2166859127213847e-6
7.8	-4.772814383209045e-7
7.6	-6.043466208637874e-6
7.4	-0.00001439947124505626
7.2	-0.0000269410463898586
7.	-0.00004580281472334516
6.8	-0.00007426065910700256
6.6	-0.00011734920524228045
6.4	-0.00018279474853003037
6.2	-0.0002823942841766743
6.	-0.0004339808767956345
5.8	-0.0006640961126184077
5.6	-0.0010113663430168797
5.4	-0.001530344373769329
5.2	-0.002295262484248536
5.	-0.003402860029320672
4.8	-0.004973504280430354
4.6	-0.007150326782092067
4.4	-0.010096975034604314
4.2	-0.013995190109722114
4.	-0.019043417068252858
30.	1.0725411999738412e-7
30.2	1.031910997666794e-7
30.4	9.929915297027446e-8
30.6	9.554391362644892e-8
30.8	9.195176886915802e-8
31.	8.85031793435936e-8
31.2	8.51956906952187e-8
31.4	8.202197830314334e-8
31.6	7.897629008454342e-8
31.8	7.605047867004238e-8
32.	7.324310070314843e-8
32.2	7.054488361023372e-8
32.4	6.795669126901742e-8
32.6	6.546963506756288e-8
32.8	6.307904707463589e-8
33.	6.078656734610799e-8
33.2	5.8583480166910936e-8
33.4	5.6464612114136504e-8
33.6	5.442971366641982e-8
33.8	5.2473403433110686e-8
34.	5.0592214873340966e-8
34.2	4.8784752884088214e-8
34.4	4.704692400006216e-8
34.6	4.537672215155028e-8
34.8	4.37686741054765e-8
35.	4.2224151949934804e-8
35.2	4.073595388743165e-8
35.4	3.9306391617671834e-8
35.6	3.793031768888604e-8
35.8	3.660612685317065e-8
36.	3.533204981516692e-8
36.2	3.410650444778244e-8
36.4	3.292591603591256e-8
36.6	3.178970840155434e-8
36.8	3.069503808001367e-8
37.	2.9642104556288764e-8
37.2	2.8627459249563153e-8
37.4	2.7650502176999496e-8
37.6	2.6709685317480202e-8
37.8	2.5803441794487286e-8
38.	2.492992732734893e-8
38.2	2.4088787406195765e-8
38.4	2.3278351771433286e-8
38.6	2.2496771960296717e-8
38.8	2.174421595573754e-8
39.	2.101610236538741e-8
39.2	2.031838776086586e-8
39.4	1.9644127391620946e-8
39.6	1.8993771873483342e-8
39.8	1.8366342644559267e-8
40.	1.776181148816991e-8
40.2	1.7178130551385856e-8
40.4	1.6615532394784025e-8
40.6	1.6073138727769036e-8
40.8	1.5550899472266974e-8
41.	1.5044330427564257e-8
41.2	1.4556434737752663e-8
41.4	1.4085260495616529e-8
41.6	1.3631430634219414e-8
41.8	1.319335599587708e-8
42.	1.276996910086125e-8
42.2	1.2361562261251103e-8
42.4	1.1966689336858937e-8
42.6	1.1586288689654214e-8
42.8	1.1240275595421463e-8
43.	1.0863281607857668e-8
43.2	1.052034209510247e-8
43.4	1.01907409280344e-8
43.6	9.868422925375079e-9
43.8	9.559422968705334e-9
44.	9.260327325628805e-9
44.2	8.97169782885704e-9
44.4	8.692596893080673e-9
44.6	8.422647727159655e-9
44.8	8.161802537798566e-9
45.	7.910021211353646e-9
45.2	7.666395566775744e-9
45.4	7.4307918422080566e-9
45.6	7.202875328151937e-9
45.8	6.982557109275404e-9
46.	6.769693821920176e-9
46.2	6.563747514910788e-9
46.4	6.388920262939497e-9
46.6	6.171663478717422e-9
46.8	5.985239065598204e-9
47.	5.804712576847629e-9
47.2	5.630051787092869e-9
47.4	5.4611775232501755e-9
47.6	5.297226910492914e-9
47.8	5.1395733973712015e-9
48.	4.986449714108136e-9
48.2	4.838376861304906e-9
48.4	4.694980892432034e-9
48.6	4.556102080380241e-9
48.8	4.421477524682138e-9
49.	4.291309517997372e-9
49.2	4.165153121533088e-9
49.4	4.043128509888636e-9
49.6	3.924997920052737e-9
49.8	3.810530205900092e-9
50.	3.6996528442131534e-9