# pos     time      freq       fta
   30     15.480  0.0646009  3.659e-03
   51     25.966  0.0385121  1.476e-03
   68     34.455  0.0290236  6.083e-04
   85     42.944  0.0232864  2.149e-04
   99     49.934  0.0200263  5.006e-05
  115     57.924  0.0172640  7.512e-06
  179     89.882  0.0111257  3.412e-09
  204    102.365  0.0097689  1.712e-09
 2196   1097.058  0.0009115  1.712e-09
 2221   1109.542  0.0009013  3.412e-09
 2285   1141.500  0.0008760  7.512e-06
 2301   1149.489  0.0008700  5.006e-05
 2315   1156.480  0.0008647  2.149e-04
 2332   1164.969  0.0008584  6.083e-04
 2349   1173.458  0.0008522  1.476e-03
 2370   1183.944  0.0008446  3.659e-03
