1.6666666666666667	0.32651278245641757
1.6500000000000001	0.32630242228168854
1.6333333333333333	0.32609179110832703
1.6166666666666667	0.32588088633344137
1.6	0.325669705455189
1.5833333333333333	0.3254582458818348
1.5666666666666667	0.32524650485487355
1.55	0.32503447977389954
1.5333333333333334	0.32482216789501156
1.5166666666666668	0.3246095664579967
1.5	0.32439667263098143
1.4833333333333334	0.3241834835696074
1.4666666666666668	0.32396999636819057
1.45	0.323756208035544
1.4333333333333333	0.3235421156299868
1.4166666666666667	0.32332771609518934
1.4	0.3231130063092706
1.3833333333333333	0.32289798316479495
1.366666666666667	0.32268264344594766
1.35	0.3224669839383379
1.3333333333333335	0.32225100127832934
1.3166666666666669	0.32203469212371644
1.3	0.32181805306756156
1.2833333333333334	0.3216010807122158
1.2666666666666668	0.3213837714212686
1.25	0.3211661216602906
1.2333333333333334	0.32094812770158154
1.2166666666666668	0.3207297859951407
1.2	0.32051109250398213
1.1833333333333333	0.3202920436096409
1.1666666666666667	0.3200726353169188
1.15	0.31985286371334914
1.1333333333333333	0.31963272455760994
1.1166666666666667	0.31941221387648044
1.0999999999999999	0.31919132773463915
1.0833333333333335	0.31897006121579996
1.0666666666666667	0.3187484101502923
1.05	0.3185263700014316
1.0333333333333334	0.31830393671263146
1.0166666666666666	0.31808110544873225
1.	0.3178578714311163
0.9833333333333335	0.31763422993946144
0.9666666666666668	0.3174101760246272
0.9500000000000002	0.3171857047667161
0.9333333333333335	0.3169608110146373
0.9166666666666667	0.31673548969510595
0.9000000000000001	0.31650973540981103
0.8833333333333334	0.31628354291689237
0.8666666666666667	0.31605690635962647
0.8500000000000001	0.315829820850857
0.8333333333333334	0.315602280020003
0.8166666666666667	0.31537427817777164
0.8	0.31514580944390813
0.7833333333333333	0.3149168677882248
0.7666666666666666	0.31468744684845584
0.75	0.31445754036611734
0.7333333333333333	0.31422714185166506
0.7166666666666668	0.3139962446152794
0.7000000000000001	0.3137648419298224
0.6833333333333335	0.3135329268701374
0.6666666666666667	0.31330049232567014
0.65	0.31306753111098923
0.6333333333333334	0.3128340358036576
0.6166666666666667	0.3125999988391184
0.6	0.31236541246769894
0.5833333333333334	0.31213026878034456
0.5666666666666667	0.3118945596830683
0.5499999999999999	0.3116582768569616
0.5333333333333333	0.31142141180737576
0.5166666666666668	0.31118395586700415
0.5000000000000001	0.31094590010308765
0.4833333333333334	0.31070723541236683
0.46666666666666673	0.31046795243267183
0.45000000000000007	0.3102280416083904
0.43333333333333335	0.3099874931095004
0.4166666666666667	0.30974629689452604
0.4	0.309504442628038
0.3833333333333333	0.30926191974841205
0.36666666666666664	0.30901871739386555
0.35	0.3087748244819183
0.33333333333333326	0.30853022957135845
0.3166666666666666	0.3082849209191253
0.3000000000000001	0.3080388865497861
0.28333333333333344	0.3077921141370656
0.2666666666666667	0.3075445909609645
0.25000000000000006	0.3072963040355681
0.23333333333333336	0.3070472400763795
0.21666666666666667	0.306797385253348
0.2	0.30654672551466966
0.18333333333333332	0.306295246419033
0.16666666666666663	0.3060429331083064
0.14999999999999997	0.30578977019764736
0.13333333333333328	0.3055357420373689
0.11666666666666659	0.3052808324963833
0.10000000000000009	0.3050250249720888
0.08333333333333341	0.3047683023905691
0.06666666666666674	0.30451064719162774
0.050000000000000044	0.30425204139356327
0.03333333333333337	0.30399246643324757
0.016666666666666684	0.30373190327247557
0.	0.30347033227679193
1.6666666666666667	0.32651278245641757
1.6833333333333333	0.3267228740857902
1.7000000000000002	0.32693269962073906
1.7166666666666668	0.3271422614944869
1.7333333333333334	0.3273515620890904
1.7500000000000002	0.3275606037365497
1.7666666666666668	0.3277693887500618
1.7833333333333334	0.3279779194876999
1.8000000000000003	0.3281861980791111
1.8166666666666669	0.3283942268972469
1.8333333333333335	0.3286020079630951
1.8500000000000003	0.3288095435810039
1.866666666666667	0.3290168358562035
1.8833333333333333	0.3292238867542168
1.9000000000000004	0.32943069862064633
1.9166666666666665	0.3296372729200208
1.9333333333333333	0.32984361224489267
1.95	0.330049718409879
1.9666666666666666	0.3302555933311514
1.9833333333333334	0.33046123900816493
2.	0.3306666573620449
2.0166666666666666	0.33087185004632685
2.033333333333333	0.3310768192773497
2.0500000000000003	0.33128156668833525
2.066666666666667	0.3314860940066495
2.0833333333333335	0.3316904030807402
2.1	0.33189449550558175
2.1166666666666667	0.3320983735553653
2.1333333333333333	0.3323020385013584
2.1500000000000004	0.33250549203269764
2.166666666666667	0.3327087358595139
2.1833333333333336	0.3329117718567353
2.2	0.33311460146727895
2.216666666666667	0.33331722622659077
2.2333333333333334	0.3335196480421717
2.2500000000000004	0.33372186790806074
2.2666666666666666	0.3339238879784903
2.2833333333333337	0.33412570951783205
2.3	0.3343273340431714
2.316666666666667	0.33452876328478626
2.3333333333333335	0.33472999829564193
2.35	0.3349310405487474
2.3666666666666667	0.33513189184905673
2.3833333333333333	0.33533255334882645
2.4	0.33553302674684693
2.4166666666666665	0.33573331310580395
2.4333333333333336	0.3359334139973714
2.45	0.3361333306893145
2.466666666666667	0.33633306453671913
2.4833333333333334	0.3365326168403731
2.5	0.3367319888949211
2.5166666666666666	0.33693118210794565
2.5333333333333337	0.3371301976750874
2.5500000000000003	0.33732903687363813
2.566666666666667	0.3375277009012498
2.5833333333333335	0.3377261911468638
2.6	0.3379245088701699
2.6166666666666667	0.3381226546750515
2.6333333333333337	0.3383206304934351
2.65	0.33851843723572234
2.666666666666667	0.3387160759822618
2.683333333333333	0.33891354803914137
2.7	0.339110854469751
2.716666666666667	0.3393079964076176
2.733333333333334	0.3395049749861868
2.75	0.3397017912918167
2.766666666666667	0.33989844641287914
2.783333333333333	0.34009494145609526
2.8000000000000003	0.34029127747614235
2.816666666666667	0.3404874554907463
2.8333333333333335	0.3406834766057337
2.85	0.3408793419293504
2.8666666666666667	0.34107505219440964
2.8833333333333333	0.3412706087203918
2.9	0.34146601234940055
2.916666666666667	0.34166126415009773
2.9333333333333336	0.34185636502718925
2.95	0.3420513160904029
2.966666666666667	0.34224611813747996
2.9833333333333334	0.34244077218008573
3.	0.3426352791861799
3.016666666666667	0.3428296399641507
3.033333333333333	0.34302385563609183
3.0500000000000003	0.3432179271285108
3.0666666666666664	0.34341185515124517
3.0833333333333335	0.3436056406495876
3.1	0.34379928440091817
3.116666666666667	0.34399278767423397
3.1333333333333333	0.3441861509894447
3.1500000000000004	0.3443793750979277
3.1666666666666665	0.3445724613637159
3.1833333333333336	0.3447654099574008
3.2	0.3449582223035635
3.2166666666666672	0.3451508990958645
3.2333333333333334	0.34534344071389556
3.25	0.34553584864648657
3.2666666666666666	0.3457281230623895
3.283333333333333	0.3459202650600434
3.3000000000000003	0.34611227572352726
3.316666666666667	0.3463041552153846
3.3333333333333335	0.3464959046715938
3.3499999999999996	0.34668752466124014
3.3666666666666667	0.34687901627283363
3.3833333333333337	0.3470703796603209
3.4000000000000004	0.34726161632929287
3.4166666666666665	0.34745272660365745
3.4333333333333336	0.3476437110079527
3.4500000000000006	0.3478345707376478
3.466666666666667	0.34802530609931204
3.4833333333333334	0.3482159180202727
3.5000000000000004	0.3484064071112757
3.5166666666666675	0.3485967738679985
3.5333333333333337	0.3487870195556374
3.55	0.3489771444997566
3.5666666666666664	0.34916714903257323
3.5833333333333335	0.34935703445698457
3.6000000000000005	0.3495468012748831
3.6166666666666667	0.34973644983706126
3.633333333333333	0.34992598098215877
3.65	0.35011539533885117
3.666666666666667	0.3503046935357307
3.6833333333333336	0.3504938761561549
3.6999999999999997	0.3506829440865729
3.716666666666667	0.3508718975974592
3.733333333333334	0.35106073761505574
3.75	0.35124946452460737
3.7666666666666666	0.35143807895642015
3.7833333333333337	0.35162658143443626
3.8000000000000007	0.3518149731203245
3.816666666666667	0.3520032537293718
3.833333333333333	0.3521914243846589
3.85	0.3523794858554219
3.866666666666667	0.3525674382433797
3.8833333333333337	0.352755282315908
3.9	0.35294301856027993
3.916666666666667	0.3531306476629872
3.933333333333334	0.3533181701085152
3.95	0.35350558627297285
3.966666666666667	0.35369289693824346
3.983333333333333	0.35388010291058314
4.	0.3540672041805478
4.0166666666666675	0.3542542015287715
4.033333333333333	0.35444109522512807
4.05	0.354627886508332
4.066666666666666	0.3548145751978256
4.083333333333334	0.35500116198745824
4.1000000000000005	0.35518764732996894
4.116666666666666	0.3553740321003329
4.133333333333334	0.35556031633017326
4.15	0.3557465008290432
4.166666666666667	0.3559325858340359
4.183333333333334	0.3561185721856807
4.2	0.3563044600822207
4.216666666666668	0.35649025010947993
4.233333333333333	0.35667594267188946
4.25	0.35686153821781663
4.266666666666667	0.3570470376306454
4.283333333333334	0.3572324407070083
4.300000000000001	0.3574177482518903
4.316666666666666	0.3576029609579704
4.333333333333334	0.35778807879165053
4.3500000000000005	0.3579731027432123
4.366666666666667	0.3581580327295332
4.383333333333334	0.3583428694178492
4.3999999999999995	0.35852761347114936
4.416666666666667	0.358712264948619
4.433333333333334	0.35889682462129197
4.45	0.35908129278178275
4.466666666666667	0.3592656697734587
4.483333333333333	0.35944995603691393
4.500000000000001	0.35963415210231703
4.516666666666667	0.35981825823414876
4.533333333333333	0.3600022750598644
4.55	0.36018620289391934
4.566666666666667	0.3603700420081701
4.583333333333334	0.3605537930264365
4.6	0.3607374562805968
4.616666666666667	0.3609210320221899
4.633333333333334	0.36110452095402357
4.65	0.3612879230325804
4.666666666666667	0.3614712391295529
4.683333333333334	0.3616544691683852
4.700000000000001	0.36183761386373875
4.716666666666667	0.36202067347032507
4.733333333333333	0.3622036485204487
4.75	0.36238653926001374
4.7666666666666675	0.3625693459528029
4.783333333333334	0.36275206913299335
4.8	0.36293470911573084
4.816666666666666	0.36311726627250024
4.833333333333333	0.363299740989929
4.8500000000000005	0.36348213356019776
4.866666666666667	0.3636644444786363
4.883333333333333	0.36384667384458413
4.9	0.36402882200850095
4.916666666666667	0.3642108900123679
4.933333333333334	0.3643928774292581
4.95	0.3645747847805427
4.966666666666667	0.3647566125049142
4.983333333333334	0.36493836092682136
5.	0.36512003038134583