45.	-4.272300183843632e-6
44.8	-4.3515996003136125e-6
44.6	-4.432916852371403e-6
44.4	-4.516263021110295e-6
44.2	-4.601756714705134e-6
44.	-4.689498423600542e-6
43.8	-4.779344111501107e-6
43.6	-4.87162675419095e-6
43.4	-4.966281599595779e-6
43.2	-5.063456021239396e-6
43.	-5.163159955462287e-6
42.8	-5.265551507682126e-6
42.6	-5.3706221088097855e-6
42.4	-5.47857680863405e-6
42.2	-5.589426507807963e-6
42.	-5.703272442697867e-6
41.8	-5.8202687723214115e-6
41.6	-5.940449539057009e-6
41.4	-6.064016248183316e-6
41.2	-6.19096126337443e-6
41.	-6.321494393119886e-6
40.8	-6.4557208144983436e-6
40.6	-6.593793684705953e-6
40.4	-6.735730034988504e-6
40.2	-6.88181849112504e-6
40.	-7.032117046182725e-6
39.8	-7.18679778928472e-6
39.6	-7.345998090981615e-6
39.4	-7.509873462588644e-6
39.2	-7.67870118217626e-6
39.	-7.85249773318997e-6
38.8	-8.031538355770324e-6
38.6	-8.216036475362699e-6
38.4	-8.406108395173202e-6
38.2	-8.60204640993582e-6
38.	-8.804093134769988e-6
37.8	-9.012331553529544e-6
37.6	-9.227126569376705e-6
37.4	-9.448765434285772e-6
37.2	-9.677324800885376e-6
37.	-9.913276281329139e-6
36.8	-0.000010156802751297853
36.6	-0.000010408188113136463
36.4	-0.000010667805285671897
36.2	-0.000010935998982162003
36.	-0.00001121299318920546
35.8	-0.00001149926153874982
35.6	-0.00001179520707329228
35.4	-0.000012101027272265755
35.2	-0.00001241733750543839
35.	-0.00001274449877472564
34.8	-0.000013082951162633915
34.6	-0.000013433362394820673
34.4	-0.000013795730909724042
34.2	-0.00001417108097795751
34.	-0.00001455994751655332
33.8	-0.000014962408250823826
33.6	-0.00001537955198173064
33.4	-0.00001581191224263006
33.2	-0.000016260143702029426
33.	-0.000016724921886800308
32.8	-0.000017206998827200885
32.6	-0.000017707178537652674
32.4	-0.00001822628404903553
32.2	-0.000018765242666156443
32.	-0.000019324718236947283
31.8	-0.000019905988332037887
31.6	-0.000020509954471874116
31.4	-0.000021137667487545658
31.2	-0.000021790219146829586
31.	-0.000022468894673994356
30.8	-0.000023175314556293052
30.6	-0.00002390965009397703
30.4	-0.000024674449071645255
30.2	-0.000025470846413085398
30.	-0.00002630042710768004
29.8	-0.00002716485373391508
29.6	-0.000028065860117136917
29.4	-0.0000290054774893339
29.2	-0.00002998538388772459
29.	-0.000031007906484476264
28.8	-0.000032075260857587837
28.6	-0.0000331898154951897
28.4	-0.000034354045456211634
28.2	-0.00003557059010487654
28.	-0.000036842260651213826
27.8	-0.00003817270202828124
27.6	-0.000039563752180127646
27.4	-0.00004101999133451567
27.2	-0.000042544694197020714
27.	-0.00004414172721145706
26.8	-0.000045815231261190645
26.6	-0.00004756957415743577
26.4	-0.0000494094645617861
26.2	-0.00005133990520010245
26.	-0.00005336624781997891
25.8	-0.00005549416747243461
25.6	-0.000057729793038903625
25.4	-0.00006007962389104536
25.2	-0.00006255084434453598
25.	-0.00006515044075877903
24.8	-0.0000678873021803857
24.6	-0.00007076870125837827
24.4	-0.00007380522866214552
24.2	-0.00007700571358706257
24.	-0.00008038060833695621
23.8	-0.00008394293302205193
23.6	-0.00008770288680230364
23.4	-0.00009167496594659363
23.2	-0.00009587304222437205
23.	-0.00010031239552223959
22.8	-0.00010500927171394866
22.6	-0.00010998156881480018
22.4	-0.00011524828555853684
22.2	-0.00012083026351497938
22.	-0.0001267497357461546
21.8	-0.00013303142721314776
21.6	-0.00013969921811479038
21.4	-0.00014678445279781602
21.2	-0.00015431447653153178
21.	-0.00016232564607628487
20.8	-0.0001708506582110979
20.6	-0.0001799317320865091
20.4	-0.00018960787284937533
20.2	-0.00019992740268746543
20.	-0.00021093973191819168
19.8	-0.00022270003123066667
19.6	-0.00023526427991274427
19.4	-0.0002487004241825282
19.2	-0.0002630770628294346
19.	-0.0002784717726578595
18.8	-0.00029496744889487064
18.6	-0.00031265688982803224
18.4	-0.00033163637661302625
18.2	-0.00035201966143663676
18.	-0.0003739226617644055
17.8	-0.0003974773993476766
17.6	-0.00042282726076290066
17.4	-0.00045012871395474574
17.2	-0.0004795544513424562
17.	-0.0005112930808153532
16.8	-0.000545552294918178
16.6	-0.000582559856185605
16.4	-0.000622566103122205
16.2	-0.0006658462892749525
16.	-0.0007127039006483533
15.8	-0.0007634712072766549
15.6	-0.0008185161082631324
15.4	-0.000878242427169221
15.2	-0.0009430955979797761
15.	-0.0010135662996209938
14.8	-0.0010901954017670291
14.6	-0.0011735795917856414
14.4	-0.001264376550586352
14.2	-0.0013633124027373667
14.	-0.0014711876833485582
13.8	-0.001588885605741394
13.6	-0.0017173810099789016
13.4	-0.0018577498281814279
13.2	-0.0020111785620219496
13.	-0.0021789763717409514
12.8	-0.0023625905327773256
12.6	-0.0025636125706905016
12.4	-0.0027838028952547173
12.2	-0.00302510052760817
12.	-0.003289645196106395
11.8	-0.0035797956452990587
11.6	-0.0038981525648466822
11.4	-0.004247583592393929
11.2	-0.004631248424415548
11.	-0.005052629742423605
10.8	-0.005515567175114454
10.6	-0.006024289344057985
10.4	-0.006583458100952661
10.2	-0.0071982125802551545
10.	-0.007874216675897903
45.	-4.272300183843632e-6
45.2	-4.194968379421481e-6
45.4	-4.119470564104292e-6
45.6	-4.04586742104634e-6
45.8	-3.973935098644868e-6
46.	-3.903780201016646e-6
46.2	-3.83523890893039e-6
46.4	-3.7683575201032087e-6
46.6	-3.7031367754587965e-6
46.8	-3.639286620919676e-6
47.	-3.5769829177956494e-6
47.2	-3.516135737293653e-6
47.4	-3.4566548288647918e-6
47.6	-3.398560761930565e-6
47.8	-3.3418021671615324e-6
48.	-3.286312275888144e-6
48.2	-3.232067839413735e-6
48.4	-3.1790463372494785e-6
48.6	-3.1272158466576355e-6
48.8	-3.076542014992283e-6
49.	-3.0269495146282744e-6
49.2	-2.9784692271240452e-6
49.4	-2.9310600857889254e-6
49.6	-2.884672120817497e-6
49.8	-2.8393294517859228e-6
50.	-2.794870976535882e-6
50.2	-2.751416331544321e-6
50.4	-2.70886940208364e-6
50.6	-2.6672547033525842e-6
50.8	-2.626471840734191e-6
51.	-2.5866065336855963e-6
51.2	-2.5475516018698855e-6
51.4	-2.5092436091581124e-6
51.6	-2.4717370404400168e-6
51.8	-2.4351507262001215e-6
52.	-2.399167114857805e-6
52.2	-2.3639535181305425e-6
52.4	-2.3294459029672125e-6
52.6	-2.2956435870125623e-6
52.8	-2.26252053820018e-6
53.	-2.230053279449244e-6
53.2	-2.1982663051606748e-6
53.4	-2.167059501759375e-6
53.6	-2.1364808810566015e-6
53.8	-2.1065371588051526e-6
54.	-2.077134943230514e-6
54.2	-2.048313207023175e-6
54.4	-2.0200615437058257e-6
54.6	-1.9923774882175814e-6
54.8	-1.965162148329131e-6
55.	-1.9384898137552696e-6
55.2	-1.912344227287058e-6
55.4	-1.8866772918719797e-6
55.6	-1.8614842312327447e-6
55.8	-1.836771086567239e-6
56.	-1.8125248607969928e-6
56.2	-1.7887244113885616e-6
56.4	-1.7653607695659499e-6
56.6	-1.7424305002758851e-6
56.8	-1.7198944026104895e-6
57.	-1.6978461450810203e-6
57.2	-1.6761272320161472e-6
57.4	-1.6548208537928937e-6
57.6	-1.633889517308846e-6
57.8	-1.6133362321401717e-6
58.	-1.5931370238493009e-6
58.2	-1.5733266876031063e-6
58.4	-1.5538448522263707e-6
58.6	-1.534702625931174e-6
58.8	-1.5159172496390372e-6
59.	-1.4974497317552694e-6
59.2	-1.479281757370694e-6
59.4	-1.4614657914094458e-6
59.6	-1.4439180202290921e-6
59.8	-1.4266908186656758e-6
60.	-1.4097537274218222e-6
60.2	-1.3931107433582904e-6
60.4	-1.3767470892210363e-6
60.6	-1.360650647427417e-6
60.8	-1.344837997227679e-6
61.	-1.329284546100405e-6
61.2	-1.3139859639408125e-6
61.4	-1.2989618632139624e-6
61.6	-1.2841624036632338e-6
61.8	-1.2696006511539555e-6
62.	-1.2552859777066374e-6
62.2	-1.241228246363598e-6
62.4	-1.2273759619218825e-6
62.6	-1.2137387084401494e-6
62.8	-1.2003435168329727e-6
63.	-1.1871462642292735e-6
63.2	-1.1741751139246696e-6
63.4	-1.1613817495809174e-6
63.6	-1.1488571959183683e-6
63.8	-1.1364398713310947e-6
64.	-1.1242711423421203e-6
64.2	-1.1122761829552032e-6
64.4	-1.1004837356560356e-6
64.6	-1.0888649495201666e-6
64.8	-1.0774340993743646e-6
65.	-1.066166447254635e-6
65.2	-1.0550796285131345e-6
65.4	-1.0441640364482402e-6
65.6	-1.0334187632807437e-6
65.8	-1.0228287446258587e-6
66.	-1.012401732709527e-6
66.2	-1.0021464501476415e-6
66.4	-9.920297969806959e-7
66.6	-9.820461255607079e-7
66.8	-9.722298957412503e-7
67.	-9.62556999308478e-7
67.2	-9.530338808521056e-7
67.4	-9.436458307111215e-7
67.6	-9.343846100817444e-7
67.8	-9.252798435595627e-7
68.	-9.162891838230823e-7
68.2	-9.074475707194134e-7
68.4	-8.987199013562041e-7
68.6	-8.901478525887772e-7
68.8	-8.816655120858013e-7
69.	-8.732950563996202e-7
69.2	-8.650634519213459e-7
69.4	-8.569366959131326e-7
69.6	-8.489407597806064e-7
69.8	-8.410508427603849e-7
70.	-8.332877682941524e-7
70.2	-8.256230070062026e-7
70.4	-8.180420089161105e-7
70.6	-8.105821494557068e-7
70.8	-8.032233901157765e-7
71.	-7.959656728524114e-7
71.2	-7.888106386136766e-7
71.4	-7.817692677354501e-7
71.6	-7.747974075076496e-7
71.8	-7.679303043588287e-7
72.	-7.611641311180627e-7
72.2	-7.544781561108846e-7
72.4	-7.478909539212844e-7
72.6	-7.413909104392795e-7
72.8	-7.349882809274672e-7
73.	-7.286449232342602e-7
73.2	-7.22401383381426e-7
73.4	-7.16236918491973e-7
73.6	-7.101539094036983e-7
73.8	-7.041513066862245e-7
74.	-6.982278516196235e-7
74.2	-6.923795829467575e-7
74.4	-6.866080299094354e-7
74.6	-6.809261177683681e-7
74.8	-6.752919101263863e-7
75.	-6.697397587086828e-7
75.2	-6.642638203596373e-7
75.4	-6.588535529308494e-7
75.6	-6.535118844732742e-7
75.8	-6.482346788600612e-7
76.	-6.430283841607661e-7
76.2	-6.378942225549509e-7
76.4	-6.328213502409936e-7
76.6	-6.278112345214357e-7
76.8	-6.228599640345578e-7
77.	-6.179822775623687e-7
77.2	-6.131543271232771e-7
77.4	-6.083726440242555e-7
77.6	-6.036708073744237e-7
77.8	-5.990169546307934e-7
78.	-5.944298381757828e-7
78.2	-5.899014458564549e-7
78.4	-5.854101446581175e-7
78.6	-5.809808059428605e-7
78.8	-5.766175720582605e-7
79.	-5.722861241909503e-7
79.2	-5.680166489031352e-7
79.4	-5.637971243158142e-7
79.6	-5.596284178370195e-7
79.8	-5.555210983451458e-7
80.	-5.514354199774004e-7