45.	0.3058976694680381
44.8	0.30598231547964605
44.6	0.30606813861622106
44.4	0.30615515901726975
44.2	0.30624339756114244
44.	0.30633287534471004
43.8	0.3064236140598118
43.6	0.30651563567048806
43.4	0.30660896274760785
43.2	0.30670361823475834
43.	0.30679962573465885
42.8	0.3068970090663607
42.6	0.3069957928481229
42.4	0.3070960022944901
42.2	0.3071976627263337
42.	0.3073008003165611
41.8	0.30740544180503493
41.6	0.30751161456268034
41.4	0.3076193462442257
41.2	0.3077286655697372
41.	0.30783960150499096
40.8	0.30795218395003443
40.6	0.30806644326676097
40.4	0.3081824105640275
40.2	0.30830011772203586
40.	0.30841959719407064
39.8	0.3085408822257716
39.6	0.30866400687383927
39.4	0.30878900586120606
39.2	0.308915914801656
39.	0.309044770066865
38.8	0.3091756091342176
38.6	0.3093084695587002
38.4	0.3094433907972465
38.2	0.3095804125471454
38.	0.30971957559352964
37.8	0.309860921755526
37.6	0.3100044934409242
37.4	0.31015033542370485
37.2	0.3102984915258915
37.	0.31044900784351404
36.8	0.31060193132791786
36.6	0.3107573102160026
36.4	0.3109151936378009
36.2	0.3110756320020484
36.	0.3112386772098355
35.8	0.31140438183676533
35.6	0.31157280021949174
35.4	0.31174398808996595
35.2	0.3119180020830379
35.	0.31209490050761546
34.8	0.3122747430032647
34.6	0.3124575917473243
34.4	0.31264350862604
34.2	0.3128325580468628
34.	0.31302480624211315
33.8	0.3132203207266964
33.6	0.31341917104702977
33.4	0.31362142820557415
33.2	0.3138271652038608
33.	0.31403645698383575
32.8	0.31424938019319376
32.6	0.31446601358528786
32.4	0.3146864382662638
32.2	0.31491073709380113
32.	0.31513899424846564
31.8	0.3153712988283054
31.6	0.31560773937464154
31.4	0.31584840777304446
31.2	0.31609339919736174
31.	0.3163428100936163
30.8	0.3165967400429837
30.6	0.31685529157877895
30.4	0.31711857008854233
30.2	0.317386683423908
30.	0.31765974187765794
29.8	0.3179378594759686
29.6	0.3182211540254967
29.4	0.31850974479270144
29.2	0.3188037554950233
29.	0.3191033137414014
28.8	0.31940855007198443
28.6	0.3197195975673609
28.4	0.32003659537792445
28.2	0.3203596851540258
28.	0.32068901241168296
27.8	0.3210247276130732
27.6	0.32136698423646687
27.4	0.3217159414959516
27.2	0.3220717622839875
27.	0.3224346156356237
26.8	0.32280467272722824
26.6	0.32318211257082136
26.4	0.32356711772748953
26.2	0.32395987647494573
26.	0.3243605826236482
25.8	0.32476943566205285
25.6	0.3251866409495147
25.4	0.3256124099000826
25.2	0.32604696072573564
25.	0.32649051604291646
24.8	0.3269433081915378
24.6	0.32740557436068685
24.4	0.3278775597110807
24.2	0.3283595156099458
24.	0.3288517026263387
23.8	0.3293543885379005
23.6	0.3298678471596696
23.4	0.3303923646906585
23.2	0.33092823307865604
23.	0.3314757539607382
22.8	0.3320352376902687
22.6	0.3326070045494802
22.4	0.33319138496380984
22.2	0.3337887186971007
22.	0.33439935624594325
21.8	0.3350236592572895
21.6	0.33566199874881403
21.4	0.33631476005017513
21.2	0.33698233816831513
21.	0.3376651405884394
20.8	0.3383635871627033
20.6	0.3390781118981721
20.4	0.3398091606184262
20.2	0.3405571934096918
20.	0.3413226843572734
19.8	0.34210612237548566
19.6	0.3429080106183146
19.4	0.3437288687754229
19.2	0.3445692311155014
19.	0.34542964778439983
18.8	0.3463106874172166
18.6	0.3472129344725542
18.4	0.3481369911172462
18.2	0.349083477880897
18.	0.35005303343870625
17.8	0.3510463152217316
17.6	0.35206400070439986
17.4	0.3531067872310258
17.2	0.35417539190495684
17.	0.35527055314743894
16.8	0.3563930305072423
16.6	0.35754360566090454
16.4	0.35872308207719295
16.2	0.35993228700473706
16.	0.36117206927437695
15.8	0.3624433022841156
15.6	0.3637468864387681
15.4	0.36508374000868143
15.2	0.3664548146294271
15.	0.3678610830601731
14.8	0.36930354596711584
14.6	0.37078322956020704
14.4	0.37230119025659353
14.2	0.37385851081251453
14.	0.3754563040191742
13.8	0.3770957116192338
13.6	0.37877790743679857
13.4	0.3805040941581809
13.2	0.3822755099329081
13.	0.3840934246474356
12.8	0.385959141587285
12.6	0.3878740014121857
12.4	0.3898393801661813
12.2	0.39185669116905936
12.	0.3939273874206327
11.8	0.3960529590153914
11.6	0.3982349395063574
11.4	0.4004748992760128
11.2	0.4027744521046262
11.	0.405135251799521
10.8	0.40755898870746277
10.6	0.4100473936448919
10.4	0.41260222619353537
10.2	0.4152252814566078
10.	0.41791836730334253
45.	0.3058976694680381
45.2	0.305814180740026
45.4	0.3057318295695474
45.6	0.3056505970239672
45.8	0.30557046452368986
46.	0.30549141338749214
46.2	0.3054134260255987
46.4	0.30533648456619844
46.6	0.30526057178830757
46.8	0.3051856709603047
47.	0.3051117652764788
47.2	0.30503883857664665
47.4	0.30496687487769564
47.6	0.30489585864372537
47.8	0.3048257745240087
48.	0.3047566074380002
48.2	0.30468834266379213
48.4	0.30462096577403464
48.6	0.30455446264447333
48.8	0.30448881928265537
49.	0.30442402207206004
49.2	0.3043600577596959
49.4	0.30429691299089257
49.6	0.30423457522265096
49.8	0.304173031561272
50.	0.3041122695707708
50.2	0.30405227724472006
50.4	0.30399304251840015
50.6	0.30393455378261924
50.8	0.3038767996558498
51.	0.3038197684948226
51.2	0.30376344962974167
51.4	0.303707831975904
51.6	0.3036529048300108
51.8	0.303598657700722
52.	0.30354508026596727
52.2	0.3034921625936352
52.4	0.3034398945555684
52.6	0.30338826668839275
52.8	0.3033372693524759
53.	0.303286893189868
53.2	0.30323712870411
53.4	0.3031879670911838
53.6	0.3031393993859003
53.8	0.3030914168777823
54.	0.30304401080902216
54.2	0.3029971729631513
54.4	0.3029508948912386
54.6	0.302905168527756
54.8	0.30285998586357626
55.	0.302815339020625
55.2	0.3027712202938167
55.4	0.30272762203853026
55.6	0.3026845368151075
55.8	0.3026419573260114
56.	0.3025998763094064
56.2	0.3025582867204499
56.4	0.30251718158408075
56.6	0.30247655401799617
56.8	0.3024363974476333
57.	0.3023967049290419
57.2	0.30235747021693776
57.4	0.30231868694879804
57.6	0.3022803486320897
57.8	0.30224244930793787
58.	0.30220498264088846
58.2	0.30216794286141796
58.4	0.3021313239436901
58.6	0.30209512011832096
58.8	0.30205932588573475
59.	0.30202393536689065
59.2	0.3019889433165047
59.4	0.30195434405205174
59.6	0.3019201325099266
59.8	0.3018863033122752
60.	0.30185285127485034
60.2	0.3018197713865588
60.4	0.3017870586677379
60.6	0.30175470814408595
60.8	0.30172271506515924
61.	0.3016910745631038
61.2	0.30165978212226036
61.4	0.30162883295922854
61.6	0.3015982226071941
61.8	0.30156794655232483
62.	0.3015380005160438
62.2	0.3015083801503517
62.4	0.30147908116734035
62.6	0.3014500993580079
62.8	0.3014214307232234
63.	0.3013930709557299
63.2	0.3013650162836904
63.4	0.3013372625966968
63.6	0.3013098062449413
63.8	0.3012826432274428
64.	0.30125576988006864
64.2	0.30122918242959174
64.4	0.3012028773214503
64.6	0.301176850876512
64.8	0.30115109961672504
65.	0.3011256200237366
65.2	0.30110040876244626
65.4	0.3010754623528726
65.6	0.30105077755698195
65.8	0.30102635101131736
66.	0.30100217950299957
66.2	0.3009782599055915
66.4	0.30095458906621847
66.6	0.30093116391406927
66.8	0.300907981375015
67.	0.3008850384465891
67.2	0.30086233223625075
67.4	0.3008398597950864
67.6	0.30081761821705705
67.8	0.3007956048259589
68.	0.300773816658772
68.2	0.300752251164292
68.4	0.3007309054323229
68.6	0.30070977693528633
68.8	0.30068886302651604
69.	0.3006681610923073
69.2	0.3006476686150825
69.4	0.3006273830126343
69.6	0.3006073019488498
69.8	0.30058742284260426
70.	0.3005677433517737
70.2	0.3005482610861035
70.4	0.3005289737005967
70.6	0.3005098788982339
70.8	0.3004909743924301
71.	0.30047225791680093
71.2	0.30045372735916265
71.4	0.3004353804869849
71.6	0.3004172150566625
71.8	0.3003992290818961
72.	0.3003814204401734
72.2	0.30036378699807165
72.4	0.30034632681654405
72.6	0.30032903783463477
72.8	0.300311918064988
73.	0.3002949655904259
73.2	0.3002781784507335
73.4	0.30026155480102
73.6	0.30024509275680716
73.8	0.30022879043010336
74.	0.3002126460007071
74.2	0.3001966577399215
74.4	0.3001808237973109
74.6	0.30016514244930065
74.8	0.3001496120224001
75.	0.30013423073115714
75.2	0.30011899692198746
75.4	0.3001039090023052
75.6	0.3000889652411643
75.8	0.300074164054529
76.	0.3000595038682297
76.2	0.30004498316971284
76.4	0.3000306002943448
76.6	0.30001635375739144
76.8	0.3000022420781007
77.	0.2999882637207163
77.2	0.2999744172375443
77.4	0.29996070116022955
77.6	0.29994711414708314
77.8	0.2999336546424602
78.	0.29992032130866186
78.2	0.29990711281976723
78.4	0.299894027720468
78.6	0.2998810647672854
78.8	0.29986822255986184
79.	0.2998554997880479
79.2	0.29984289521617014
79.4	0.2998304075660347
79.6	0.2998180355186486
79.8	0.2998057778580306
80.	0.29979363335728976