30.	7.932552850656556e-7
29.8	8.106395138578471e-7
29.6	8.284183868951805e-7
29.4	8.465507464158984e-7
29.2	8.651360269234684e-7
29.	8.840965961975454e-7
28.8	9.035008059372194e-7
28.6	9.233230700487269e-7
28.4	9.435828550742163e-7
28.2	9.64262822178415e-7
28.	9.854096639966183e-7
27.8	1.0069663253856166e-6
27.6	1.0290158731684373e-6
27.4	1.051477489457343e-6
27.2	1.074409135172869e-6
27.	1.0978046714897623e-6
26.8	1.1216580114284668e-6
26.6	1.145981473246721e-6
26.4	1.1707390706080618e-6
26.2	1.1959484674993873e-6
26.	1.2216174989469774e-6
25.8	1.2477126575678022e-6
25.6	1.2742420473572177e-6
25.4	1.3012515594455273e-6
25.2	1.3285783278324715e-6
25.	1.3563312362831672e-6
24.8	1.3844594800235054e-6
24.6	1.4129229379835217e-6
24.4	1.4416997404359486e-6
24.2	1.4707674924033787e-6
24.	1.500062171872968e-6
23.8	1.529557722018515e-6
23.6	1.559211620001391e-6
23.4	1.5889437923202877e-6
23.2	1.6187196087091439e-6
23.	1.6483335134480028e-6
22.8	1.6778587010504832e-6
22.6	1.7071086917364386e-6
22.4	1.7359948098778394e-6
22.2	1.7643515820496682e-6
22.	1.7920667702038829e-6
21.8	1.8188336261189277e-6
21.6	1.8447084045804974e-6
21.4	1.8692628504007647e-6
21.2	1.8922918190350506e-6
21.	1.9135531339002735e-6
20.8	1.9326629745979365e-6
20.6	1.9492466726484984e-6
20.4	1.9629890027638177e-6
20.2	1.9732010691050816e-6
20.	1.979690203552714e-6
19.8	1.981516605692882e-6
19.6	1.9781376273150175e-6
19.4	1.9687036033770452e-6
19.2	1.9523428924829664e-6
19.	1.9279987036426478e-6
18.8	1.8945568379474238e-6
18.6	1.8506405008834506e-6
18.4	1.7947416694775148e-6
18.2	1.725052072132947e-6
18.	1.6396183101324078e-6
17.8	1.536154954503644e-6
17.6	1.4120585405514396e-6
17.4	1.2642457973731867e-6
17.2	1.0892909201098667e-6
17.	8.830926032887003e-7
16.8	6.410989028220728e-7
16.6	3.579333055151723e-7
16.4	2.735979857068553e-8
16.2	-3.5775914954670273e-7
16.	-8.058237293102979e-7
15.8	-1.3266237321073289e-6
15.6	-1.9314010761831395e-6
15.4	-2.6335396671090782e-6
15.2	-3.4485917950063895e-6
15.	-4.394713456967082e-6
14.8	-5.493483871524738e-6
14.6	-6.770041636007454e-6
14.4	-8.254664755601521e-6
14.2	-9.982052179478293e-6
14.	-0.000011994769275132482
13.8	-0.00001434252562643408
13.6	-0.000017084795893502993
13.4	-0.00002029251043851434
13.2	-0.000024050877467927815
13.	-0.000028461988590688675
12.8	-0.00003364947437497306
12.6	-0.00003975912711592873
12.4	-0.00004697248224703628
12.2	-0.00005550581805769967
12.	-0.000065623202952046
11.8	-0.00007764526801264447
11.6	-0.0000919637596054355
11.4	-0.00010905752890853945
11.2	-0.00012951511770970353
11.	-0.00015404986943120898
10.8	-0.00018355187128920773
10.6	-0.00021910706517438413
10.4	-0.0002620549863236986
10.2	-0.0003140464959704116
10.	-0.00037711713366078486
30.	7.932552850656556e-7
30.2	7.762702125210755e-7
30.4	7.596714935349601e-7
30.6	7.434124565703661e-7
30.8	7.275591113305003e-7
31.	7.120324335571066e-7
31.2	6.968673031890555e-7
31.4	6.820373781139059e-7
31.6	6.67522177907313e-7
31.8	6.533452385037702e-7
32.	6.394984014809072e-7
32.2	6.259687768716511e-7
32.4	6.127547827567807e-7
32.6	5.998167952284192e-7
32.8	5.871696434316155e-7
33.	5.748300740997757e-7
33.2	5.627434132491314e-7
33.4	5.50952844320229e-7
33.6	5.394458670868482e-7
33.8	5.281667290946255e-7
34.	5.171539137111131e-7
34.2	5.063935095624356e-7
34.4	4.958741580361389e-7
34.6	4.855818900171261e-7
34.8	4.755448868159756e-7
35.	4.657136294860191e-7
35.2	4.5611154318710006e-7
35.4	4.4673219590875756e-7
35.6	4.375679458636507e-7
35.8	4.28602460313974e-7
36.	4.1984504477580776e-7
36.2	4.11262196825523e-7
36.4	4.028927451091373e-7
36.6	3.9470645408910725e-7
36.8	3.86700440005532e-7
37.	3.788771537776277e-7
37.2	3.712169788022354e-7
37.4	3.637355159566102e-7
37.6	3.564258287911868e-7
37.8	3.492999003914645e-7
38.	3.4227904535444744e-7
38.2	3.3544055549245166e-7
38.4	3.287491556551795e-7
38.6	3.2221537983972544e-7
38.8	3.158129615614029e-7
39.	3.0955296804853216e-7
39.2	3.034380150779021e-7
39.4	2.974597410843906e-7
39.6	2.915846093001622e-7
39.8	2.858709693733347e-7
40.	2.8026754258661355e-7
40.2	2.747879814766192e-7
40.4	2.694261800891744e-7
40.6	2.6419992008122725e-7
40.8	2.59047374663821e-7
41.	2.5403067327857687e-7
41.2	2.4911369777295076e-7
41.4	2.443057210984337e-7
41.6	2.3959798590915773e-7
41.8	2.349943700413857e-7
42.	2.3048781343325606e-7
42.2	2.2607728520837897e-7
42.4	2.2176464989406628e-7
42.6	2.1754080627892476e-7
42.8	2.1340662025624951e-7
43.	2.0935849945734345e-7
43.2	2.0539089577716774e-7
43.4	2.0151812375434596e-7
43.6	1.977209982894321e-7
43.8	1.940035872090887e-7
44.	1.9036839510164388e-7
44.2	1.8679817038377028e-7
44.4	1.8331198908461624e-7
44.6	1.7989442200843428e-7
44.8	1.7654882331175153e-7
45.	1.7327148498322295e-7
45.2	1.70065113469022e-7
45.4	1.6692182961070637e-7
45.6	1.6384570169891963e-7
45.8	1.6082738119957472e-7
46.	1.578771883952332e-7
46.2	1.5498239832020772e-7
46.4	1.5215247388572668e-7
46.6	1.4936711694886075e-7
46.8	1.4665517249724937e-7
47.	1.439939627277913e-7
47.2	1.4138025642596216e-7
47.4	1.3882822449236312e-7
47.6	1.3630815368671211e-7
47.8	1.3386364035195254e-7
48.	1.3145983326593768e-7
48.2	1.291022943395528e-7
48.4	1.2679354027989488e-7
48.6	1.2453014503411752e-7
48.8	1.223104997619495e-7
49.	1.2013886651324398e-7
49.2	1.1800318400727756e-7
49.4	1.1591358367083217e-7
49.6	1.1386528426828603e-7
49.8	1.1186023276878228e-7
50.	1.0989051570588154e-7