30.	0.19470183758618842
29.8	0.19555758627413558
29.6	0.19642545615627074
29.4	0.19730568061118095
29.2	0.19819849917557608
29.	0.19910415734217404
28.8	0.20002290681186585
28.6	0.20095500523772966
28.4	0.20190071729321904
28.2	0.20286031370700078
28.	0.2038340726670518
27.8	0.2048222794210055
27.6	0.20582522621695842
27.4	0.20684321331675054
27.2	0.2078765486672248
27.	0.20892554798798474
26.8	0.209990535909791
26.6	0.21107184549559577
26.4	0.21216981830841306
26.2	0.2132848056216858
26.	0.21441716738374664
25.8	0.21556727486317262
25.6	0.21673550776937564
25.4	0.21792225708124463
25.2	0.21912792500177344
25.	0.22035292381948224
24.8	0.22159767811564066
24.6	0.22286262499736897
24.4	0.2241482121584858
24.2	0.22545490178369448
24.	0.22678316899209897
23.8	0.2281335013382201
23.6	0.22950640229794453
23.4	0.23090238894450935
23.2	0.2323219937888608
23.	0.23376576506095947
22.8	0.23523426713999843
22.6	0.23672808161905232
22.4	0.2382478080343935
22.2	0.23979406210504872
22.	0.2413674811547574
21.8	0.24296871930674194
21.6	0.2445984526244742
21.4	0.24625737723118551
21.2	0.247946211440749
21.	0.24966569572279648
20.8	0.2514165944970862
20.6	0.2531996949553297
20.4	0.255015811702138
20.2	0.2568657827739562
20.	0.25875047526761774
19.8	0.26067078341371913
19.6	0.2626276317691011
19.4	0.2646219729229763
19.2	0.2666547923375305
19.	0.26872710833570906
18.8	0.2708399720933685
18.6	0.27299447107213815
18.4	0.2751917271119977
18.2	0.2774329022447133
18.	0.279719195441799
17.8	0.28205184866182276
17.6	0.2844321435751778
17.4	0.2868614073380154
17.2	0.28934101180419725
17.	0.2918723763349753
16.8	0.29445696696736356
16.6	0.29709630264861764
16.4	0.29979195351000415
16.2	0.30254554112946525
16.	0.30535874560084736
15.8	0.30823330374867475
15.6	0.3111710107481238
15.4	0.31417372266704313
15.2	0.31724335734541054
15.	0.3203818967478842
14.8	0.32359139026670014
14.6	0.32687395146379405
14.4	0.3302317616803984
14.2	0.33366707212759766
14.	0.33718220445407016
13.8	0.3407795471129793
13.6	0.3444615590509409
13.4	0.34823076812945536
13.2	0.35208976924284635
13.	0.35604122167835756
12.8	0.36008784535373767
12.6	0.36423242027672104
12.4	0.3684777746137656
12.2	0.3728267831399805
12.	0.3772823550205016
11.8	0.3818474219483028
11.6	0.38652492668999516
11.4	0.39131780533897503
11.2	0.3962289662918701
11.	0.4012612675322147
10.8	0.4064174909510795
10.6	0.41170030728619506
10.4	0.41711224318138884
10.2	0.4226556389884489
10.	0.42833260494427655
30.	0.19470183758618842
30.2	0.19385798162372245
30.4	0.19302579611930556
30.6	0.19220506308745092
30.8	0.1913955705948627
31.	0.1905971112966879
31.2	0.18980948282513307
31.4	0.18903248732665853
31.6	0.1882659315266807
31.8	0.1875096268292036
32.	0.18676338872557097
32.2	0.18602703695895945
32.4	0.1853003955542526
32.6	0.18458329205048474
32.8	0.18387555826104993
33.	0.1831770297636518
33.2	0.18248754524191382
33.4	0.18180694765488656
33.6	0.18113508314065646
33.8	0.1804718008546489
34.	0.17981695377289533
34.2	0.17917039777230556
34.4	0.1785319918563847
34.6	0.17790159822826326
34.8	0.17727908161021474
35.	0.1766643099260543
35.2	0.17605715413125536
35.4	0.17545748727132549
35.6	0.17486518570346127
35.8	0.1742801279084097
36.	0.17370219488463534
36.2	0.1731312704845444
36.4	0.17256724060337358
36.6	0.17200999363986527
36.8	0.17145942013459012
37.	0.17091541308797764
37.2	0.17037786730486953
37.4	0.16984667990809327
37.6	0.1693217502665062
37.8	0.16880297934841393
38.	0.16829027074406594
38.2	0.16778352898489374
38.4	0.16728266131783878
38.6	0.16678757626441412
38.8	0.16629818482649586
39.	0.16581439879987192
39.2	0.16533613244480302
39.4	0.16486330141055813
39.6	0.16439582283657853
39.8	0.16393361565938347
40.	0.1634766002308815
40.2	0.16302469853085053
40.4	0.16257783390375546
40.6	0.16213593098802878
40.8	0.16169891634585257
41.	0.16126671735242268
41.2	0.16083926299437484
41.4	0.16041648357388694
41.6	0.15999831068366463
41.8	0.15958467701710227
42.	0.15917551668362587
42.2	0.15877076488960026
42.4	0.15837035816163567
42.6	0.15797423392456708
42.8	0.15758233095070157
43.	0.15719458894981655
43.2	0.15681094890959946
43.4	0.15643135263484667
43.6	0.15605574311967585
43.8	0.15568406437683852
44.	0.15531626133957233
44.2	0.15495227984494228
44.4	0.15459206675517895
44.6	0.15423556992574805
44.8	0.15388273797959998
45.	0.15353352052458852
45.2	0.15318786803827986
45.4	0.1528457317003027
45.6	0.15250706377957723
45.8	0.15217181718764067
46.	0.15183994552919305
46.2	0.15151140347864506
46.4	0.15118614630409533
46.6	0.15086412994535295
46.8	0.15054531127440604
47.	0.1502296478398714
47.2	0.14991709769395772
47.4	0.14960761986401577
47.6	0.14930117384193084
47.8	0.1489977199009301
48.	0.14869721891033214
48.2	0.14839963245627827
48.4	0.14810492262941258
48.6	0.14781305228344785
48.8	0.14752398470869862
49.	0.14723768383889274
49.2	0.14695411438947367
49.4	0.14667324128503975
49.6	0.14639503030319814
49.8	0.14611944758585813
50.	0.14584645994215073