1.6666666666666667	0.37618848493519946
1.6500000000000001	0.3757764513187566
1.6333333333333333	0.37536395561664343
1.6166666666666667	0.3749509938124549
1.6	0.37453756178869346
1.5833333333333333	0.3741236551330669
1.5666666666666667	0.37370926983136243
1.55	0.37329440133728997
1.5333333333333334	0.3728790455067728
1.5166666666666668	0.37246319731955096
1.5	0.3720468529181497
1.4833333333333334	0.37163000696947684
1.4666666666666668	0.3712126553072554
1.45	0.37079479280274896
1.4333333333333333	0.3703764147717023
1.4166666666666667	0.36995751583396
1.4	0.36953809159853646
1.3833333333333333	0.369118136685884
1.366666666666667	0.368697645488529
1.35	0.3682766132875317
1.3333333333333335	0.3678550342727563
1.3166666666666669	0.36743290268367707
1.3	0.3670102140561391
1.2833333333333334	0.3665869616515083
1.2666666666666668	0.3661631397926283
1.25	0.36573874315424004
1.2333333333333334	0.3653137652790055
1.2166666666666668	0.36488820015239365
1.2	0.36446204168505897
1.1833333333333333	0.3640352834582885
1.1666666666666667	0.3636079191116804
1.15	0.3631799421574405
1.1333333333333333	0.36275134569051465
1.1166666666666667	0.362322123371422
1.0999999999999999	0.3618922681949557
1.0833333333333335	0.3614617729869703
1.0666666666666667	0.3610306304947774
1.05	0.3605988339486318
1.0333333333333334	0.36016637567942056
1.0166666666666666	0.35973324803650664
1.	0.35929944367321925
0.9833333333333335	0.358864954705757
0.9666666666666668	0.3584297732044617
0.9500000000000002	0.3579938910606564
0.9333333333333335	0.3575573003199555
0.9166666666666667	0.35711999244023096
0.9000000000000001	0.35668195907189326
0.8833333333333334	0.3562431915792395
0.8666666666666667	0.35580368133022366
0.8500000000000001	0.35536341932119203
0.8333333333333334	0.3549223965095181
0.8166666666666667	0.3544806037574824
0.8	0.35403803173963583
0.7833333333333333	0.35359467082550367
0.7666666666666666	0.3531505115826992
0.75	0.35270554410373917
0.7333333333333333	0.3522597585503541
0.7166666666666668	0.3518131447857815
0.7000000000000001	0.3513656926084316
0.6833333333333335	0.3509173914237201
0.6666666666666667	0.35046823098420515
0.65	0.3500182003558911
0.6333333333333334	0.3495672889799736
0.6166666666666667	0.34911548569386786
0.6	0.3486627792693377
0.5833333333333334	0.3482091585956673
0.5666666666666667	0.3477546122205318
0.5499999999999999	0.34729912857385864
0.5333333333333333	0.34684269600333734
0.5166666666666668	0.3463853026216258
0.5000000000000001	0.3459269365232094
0.4833333333333334	0.3454675855925382
0.46666666666666673	0.34500723774616165
0.45000000000000007	0.34454588051527746
0.43333333333333335	0.3440835016985424
0.4166666666666667	0.34362008861764987
0.4	0.3431556287360305
0.3833333333333333	0.3426901093444221
0.36666666666666664	0.34222351770481213
0.35	0.34175584095548717
0.33333333333333326	0.3412870662203974
0.3166666666666666	0.3408171805391872
0.3000000000000001	0.3403461709588517
0.28333333333333344	0.3398740244563789
0.2666666666666667	0.33940072800650395
0.25000000000000006	0.338926268584837
0.23333333333333336	0.33845063325798697
0.21666666666666667	0.3379738089879809
0.2	0.33749578283580367
0.18333333333333332	0.3370165419635788
0.16666666666666663	0.33653607360432036
0.14999999999999997	0.3360543650149856
0.13333333333333328	0.3355714036277485
0.11666666666666659	0.33508717705203234
0.10000000000000009	0.334601672949758
0.08333333333333341	0.3341148791105072
0.06666666666666674	0.3336267839691477
0.050000000000000044	0.33313737607426497
0.03333333333333337	0.3326466421048845
0.016666666666666684	0.33215457375340607
0.	0.33166115763267723
1.6666666666666667	0.37618848493519946
1.6833333333333333	0.3766000606603089
1.7000000000000002	0.3770111822056449
1.7166666666666668	0.37742185323848954
1.7333333333333334	0.3778320783045607
1.7500000000000002	0.3782418606256752
1.7666666666666668	0.3786512038174541
1.7833333333333334	0.37906011193040895
1.8000000000000003	0.3794685884351007
1.8166666666666669	0.3798766369596696
1.8333333333333335	0.38028426060010856
1.8500000000000003	0.3806914634383612
1.866666666666667	0.381098248331536
1.8833333333333333	0.3815046185841676
1.9000000000000004	0.3819105781124934
1.9166666666666665	0.38231612952464566
1.9333333333333333	0.38272127625866315
1.95	0.38312602139087476
1.9666666666666666	0.3835303681535106
1.9833333333333334	0.3839343195883957
2.	0.384337878486649
2.0166666666666666	0.38474104818947163
2.033333333333333	0.38514383139402764
2.0500000000000003	0.3855462311354957
2.066666666666667	0.385948250114106
2.0833333333333335	0.3863498911903469
2.1	0.3867511572462567
2.1166666666666667	0.3871520509840774
2.1333333333333333	0.38755257502343676
2.1500000000000004	0.38795273208788883
2.166666666666667	0.3883525248346986
2.1833333333333336	0.3887519558433517
2.2	0.3891510277022455
2.216666666666667	0.38954974290741684
2.2333333333333334	0.3899481038663579
2.2500000000000004	0.39034611330304836
2.2666666666666666	0.3907437735833307
2.2833333333333337	0.39114108692774535
2.3	0.3915380558572298
2.316666666666667	0.3919346825685292
2.3333333333333335	0.39233096966314646
2.35	0.39272691913490243
2.3666666666666667	0.39312253344562276
2.3833333333333333	0.3935178146512366
2.4	0.3939127652441034
2.4166666666666665	0.3943073871201621
2.4333333333333336	0.3947016825043066
2.45	0.39509565361345816
2.466666666666667	0.3954893024231766
2.4833333333333334	0.3958826311633216
2.5	0.3962756417928029
2.5166666666666666	0.39666833634124854
2.5333333333333337	0.3970607168496375
2.5500000000000003	0.3974527852267188
2.566666666666667	0.3978445435539712
2.5833333333333335	0.39823599357986167
2.6	0.39862713744724865
2.6166666666666667	0.3990179771368854
2.6333333333333337	0.3994085139812737
2.65	0.39979875035984347
2.666666666666667	0.4001886880226435
2.683333333333333	0.40057832864286713
2.7	0.40096767403505235
2.716666666666667	0.40135672605531675
2.733333333333334	0.4017454863772302
2.75	0.4021339568542854
2.766666666666667	0.40252213915410906
2.783333333333333	0.40291003490792926
2.8000000000000003	0.4032976457896646
2.816666666666667	0.4036849734874821
2.8333333333333335	0.4040720197916912
2.85	0.40445878617623515
2.8666666666666667	0.40484527430236156
2.8833333333333333	0.40523148580025664
2.9	0.40561742213568774
2.916666666666667	0.40600308495154497
2.9333333333333336	0.40638847584658755
2.95	0.4067735963185378
2.966666666666667	0.40715844785439553
2.9833333333333334	0.4075430319604503
3.	0.40792735018115545
3.016666666666667	0.4083114039157867
3.033333333333333	0.40869519471882876
3.0500000000000003	0.409078723883929
3.0666666666666664	0.4094619929748175
3.0833333333333335	0.4098450034074329
3.1	0.4102277565163291
3.116666666666667	0.4106102536821025
3.1333333333333333	0.41099249637069085
3.1500000000000004	0.4113744858688613
3.1666666666666665	0.41175622355942126
3.1833333333333336	0.41213771078174294
3.2	0.4125189488488904
3.2166666666666672	0.41289993907274314
3.2333333333333334	0.4132806827904615
3.25	0.4136611812342003
3.2666666666666666	0.4140414357375836
3.283333333333333	0.41442144750270765
3.3000000000000003	0.41480121786353846
3.316666666666667	0.4151807480048452
3.3333333333333335	0.4155600391284001
3.3499999999999996	0.4159390926053921
3.3666666666666667	0.4163179094368499
3.3833333333333337	0.4166964910728374
3.4000000000000004	0.4170748384301069
3.4166666666666665	0.41745295277770966
3.4333333333333336	0.4178308354562472
3.4500000000000006	0.4182084874125808
3.466666666666667	0.4185859100357748
3.4833333333333334	0.4189631040737849
3.5000000000000004	0.4193400709356101
3.5166666666666675	0.4197168117067086
3.5333333333333337	0.4200933273967899
3.55	0.420469619456359
3.5666666666666664	0.4208456884266429
3.5833333333333335	0.4212215356287312
3.6000000000000005	0.42159716249568063
3.6166666666666667	0.4219725698604781
3.633333333333333	0.4223477580538082
3.65	0.4227227291459192
3.666666666666667	0.42309748357444454
3.6833333333333336	0.4234720228184443
3.6999999999999997	0.42384634757430245
3.716666666666667	0.4242204592477088
3.733333333333334	0.42459435780396215
3.75	0.42496804533083954
3.7666666666666666	0.4253415223550223
3.7833333333333337	0.425714791040879
3.8000000000000007	0.4260878495365819
3.816666666666667	0.42646070107544015
3.833333333333333	0.42683334620456825
3.85	0.42720578558314287
3.866666666666667	0.42757802047980886
3.8833333333333337	0.42795005171284806
3.9	0.4283218798532974
3.916666666666667	0.42869350625818686
3.933333333333334	0.4290649316940944
3.95	0.4294361574879062
3.966666666666667	0.42980718324396705
3.983333333333333	0.4301780117523098
4.	0.4305486417011656
4.0166666666666675	0.4309190756624453
4.033333333333333	0.43128931408042975
4.05	0.4316593574791562
4.066666666666666	0.432029207305227
4.083333333333334	0.43239886398562377
4.1000000000000005	0.4327683279033523
4.116666666666666	0.4331376007462683
4.133333333333334	0.43350668304792783
4.15	0.4338755768132301
4.166666666666667	0.43424427866920967
4.183333333333334	0.4346127948621563
4.2	0.4349811238825978
4.216666666666668	0.4353492647123381
4.233333333333333	0.43571722054805745
4.25	0.43608499254877225
4.266666666666667	0.43645257835446527
4.283333333333334	0.43681998197332284
4.300000000000001	0.4371872028496905
4.316666666666666	0.43755424188484277
4.333333333333334	0.4379210999963657
4.3500000000000005	0.4382877776859854
4.366666666666667	0.43865427600821144
4.383333333333334	0.4390205952067638
4.3999999999999995	0.439386736506656
4.416666666666667	0.43975270043976783
4.433333333333334	0.44011848766470324
4.45	0.4404840991575388
4.466666666666667	0.44084953541089594
4.483333333333333	0.44121479739362895
4.500000000000001	0.4415798852552484
4.516666666666667	0.44194480082954923
4.533333333333333	0.44230954311769344
4.55	0.4426741138655553
4.566666666666667	0.44303851420832707
4.583333333333334	0.4434027438970499
4.6	0.4437668039533619
4.616666666666667	0.44413069531324845
4.633333333333334	0.4444944182717129
4.65	0.4448579736606047
4.666666666666667	0.4452213622213752
4.683333333333334	0.445584584370586
4.700000000000001	0.44594764112177626
4.716666666666667	0.4463105329624145
4.733333333333333	0.4466732601173177
4.75	0.4470358237388039
4.7666666666666675	0.4473982244160414
4.783333333333334	0.4477604625836818
4.8	0.4481225390677544
4.816666666666666	0.448484454302136
4.833333333333333	0.4488462090820038
4.8500000000000005	0.44920780378023645
4.866666666666667	0.449569239379257
4.883333333333333	0.44993051607900975
4.9	0.4502916347472231
4.916666666666667	0.45065259585367545
4.933333333333334	0.45101340007171914
4.95	0.4513740480778459
4.966666666666667	0.45173454016222253
4.983333333333334	0.45209487750516625
5.	0.4524550596305987