# pos     time      freq       fta
  217     27.246  0.0013562  1.306e-05
  316     39.620  0.0019750  1.787e-02
  542     67.866  0.0033875  1.948e-03
  574     71.866  0.0035875  1.604e-03
  593     74.240  0.0037062  1.443e-03
  608     76.115  0.0038000  1.369e-03
  622     77.865  0.0038875  1.317e-03
  635     79.490  0.0039687  1.267e-03
  647     80.989  0.0040437  1.217e-03
  659     82.489  0.0041187  1.169e-03
  669     83.739  0.0041812  1.127e-03
  680     85.114  0.0042500  1.090e-03
  689     86.239  0.0043062  1.061e-03
  699     87.489  0.0043687  1.040e-03
  708     88.613  0.0044250  1.026e-03
  717     89.738  0.0044812  1.018e-03
  725     90.738  0.0045312  1.017e-03
  734     91.863  0.0045875  1.017e-03
  742     92.863  0.0046375  1.017e-03
  751     93.988  0.0046937  1.017e-03
  759     94.988  0.0047437  1.020e-03
  767     95.987  0.0047937  1.020e-03
  775     96.987  0.0048437  1.020e-03
  783     97.987  0.0048937  1.018e-03
  790     98.862  0.0049375  1.016e-03
  798     99.862  0.0049875  1.018e-03
  805    100.737  0.0050312  1.016e-03
  813    101.737  0.0050812  1.019e-03
  820    102.612  0.0051250  1.020e-03
  827    103.486  0.0051687  1.022e-03
  834    104.361  0.0052125  1.023e-03
  842    105.361  0.0052625  1.026e-03
  849    106.236  0.0053062  1.030e-03
  856    107.111  0.0053500  1.033e-03
  863    107.986  0.0053937  1.034e-03
  870    108.861  0.0054375  1.035e-03
  876    109.611  0.0054750  1.034e-03
  883    110.485  0.0055187  1.035e-03
  890    111.360  0.0055625  1.035e-03
  897    112.235  0.0056062  1.033e-03
  904    113.110  0.0056500  1.029e-03
  910    113.860  0.0056875  1.026e-03
  917    114.735  0.0057312  1.023e-03
  924    115.610  0.0057750  1.017e-03
  930    116.360  0.0058125  1.016e-03
  937    117.235  0.0058562  1.009e-03
  943    117.985  0.0058937  1.008e-03
  949    118.734  0.0059312  1.002e-03
  956    119.609  0.0059750  9.999e-04
  962    120.359  0.0060125  9.959e-04
  969    121.234  0.0060562  9.902e-04
  975    121.984  0.0060937  9.878e-04
  981    122.734  0.0061312  9.826e-04
  988    123.609  0.0061750  9.764e-04
  994    124.359  0.0062125  9.731e-04
 1000    125.109  0.0062500  9.677e-04
 1006    125.858  0.0062875  9.606e-04
 1013    126.733  0.0063312  9.548e-04
 1019    127.483  0.0063687  9.500e-04
 1025    128.233  0.0064062  9.441e-04
 1031    128.983  0.0064437  9.375e-04
 1037    129.733  0.0064812  9.305e-04
 1043    130.483  0.0065187  9.235e-04
 1049    131.233  0.0065562  9.164e-04
 1056    132.108  0.0066000  9.107e-04
 1062    132.858  0.0066375  9.048e-04
 1068    133.607  0.0066750  8.987e-04
 1074    134.357  0.0067125  8.926e-04
 1080    135.107  0.0067500  8.865e-04
 1086    135.857  0.0067875  8.802e-04
 1092    136.607  0.0068250  8.739e-04
 1098    137.357  0.0068625  8.675e-04
 1104    138.107  0.0069000  8.610e-04
 1110    138.857  0.0069375  8.543e-04
 1116    139.607  0.0069750  8.475e-04
 1121    140.232  0.0070062  8.413e-04
 1127    140.981  0.0070437  8.351e-04
 1133    141.731  0.0070812  8.288e-04
 1139    142.481  0.0071187  8.224e-04
 1145    143.231  0.0071562  8.158e-04
 1151    143.981  0.0071937  8.090e-04
 1157    144.731  0.0072312  8.019e-04
 1163    145.481  0.0072687  7.945e-04
 1168    146.106  0.0073000  7.875e-04
 1174    146.856  0.0073375  7.816e-04
 1180    147.606  0.0073750  7.753e-04
 1186    148.356  0.0074125  7.687e-04
 1192    149.105  0.0074500  7.616e-04
 1197    149.730  0.0074812  7.548e-04
 1203    150.480  0.0075187  7.492e-04
 1209    151.230  0.0075562  7.431e-04
 1215    151.980  0.0075937  7.365e-04
 1220    152.605  0.0076250  7.296e-04
 1226    153.355  0.0076625  7.244e-04
 1232    154.105  0.0077000  7.186e-04
 1238    154.855  0.0077375  7.122e-04
 1243    155.480  0.0077687  7.060e-04
 1249    156.229  0.0078062  7.009e-04
 1255    156.979  0.0078437  6.952e-04
 1261    157.729  0.0078812  6.888e-04
 1266    158.354  0.0079125  6.838e-04
 1272    159.104  0.0079500  6.786e-04
 1278    159.854  0.0079875  6.727e-04
 1283    160.479  0.0080187  6.678e-04
 1289    161.229  0.0080562  6.629e-04
 1295    161.979  0.0080937  6.573e-04
 1300    162.604  0.0081249  6.528e-04
 1306    163.354  0.0081624  6.482e-04
 1312    164.103  0.0081999  6.427e-04
 1317    164.728  0.0082312  6.388e-04
 1323    165.478  0.0082687  6.342e-04
 1328    166.103  0.0082999  6.294e-04
 1334    166.853  0.0083374  6.256e-04
 1340    167.603  0.0083749  6.208e-04
 1345    168.228  0.0084062  6.169e-04
 1351    168.978  0.0084437  6.128e-04
 1356    169.603  0.0084749  6.082e-04
 1362    170.353  0.0085124  6.047e-04
 1368    171.103  0.0085499  6.002e-04
 1373    171.727  0.0085812  5.965e-04
 1379    172.477  0.0086187  5.925e-04
 1384    173.102  0.0086499  5.884e-04
 1390    173.852  0.0086874  5.848e-04
 1395    174.477  0.0087187  5.803e-04
 1401    175.227  0.0087562  5.770e-04
 1407    175.977  0.0087937  5.727e-04
 1412    176.602  0.0088249  5.692e-04
 1418    177.352  0.0088624  5.652e-04
 1423    177.977  0.0088937  5.614e-04
 1429    178.727  0.0089312  5.576e-04
 1434    179.351  0.0089624  5.536e-04
 1440    180.101  0.0089999  5.499e-04
 1445    180.726  0.0090312  5.459e-04
 1451    181.476  0.0090687  5.423e-04
 1456    182.101  0.0090999  5.382e-04
 1462    182.851  0.0091374  5.346e-04
 1467    183.476  0.0091687  5.306e-04
 1473    184.226  0.0092062  5.270e-04
 1478    184.851  0.0092374  5.229e-04
 1484    185.601  0.0092749  5.194e-04
 1489    186.226  0.0093062  5.153e-04
 1495    186.975  0.0093437  5.118e-04
 1500    187.600  0.0093749  5.078e-04
 1506    188.350  0.0094124  5.042e-04
 1511    188.975  0.0094437  5.003e-04
 1517    189.725  0.0094812  4.968e-04
 1522    190.350  0.0095124  4.929e-04
 1528    191.100  0.0095499  4.894e-04
 1533    191.725  0.0095812  4.857e-04
 1539    192.475  0.0096187  4.821e-04
 1544    193.100  0.0096499  4.786e-04
 1550    193.850  0.0096874  4.750e-04
 1555    194.474  0.0097187  4.716e-04
 1561    195.224  0.0097562  4.680e-04
 1566    195.849  0.0097874  4.647e-04
 1572    196.599  0.0098249  4.611e-04
 1577    197.224  0.0098562  4.580e-04
 1582    197.849  0.0098874  4.545e-04
 1588    198.599  0.0099249  4.514e-04
 1593    199.224  0.0099562  4.480e-04
 1599    199.974  0.0099937  4.449e-04
 1604    200.599  0.0100249  4.417e-04
 1610    201.349  0.0100624  4.385e-04
 1615    201.973  0.0100937  4.355e-04
 1621    202.723  0.0101312  4.322e-04
 1626    203.348  0.0101624  4.293e-04
 1631    203.973  0.0101937  4.262e-04
 1637    204.723  0.0102312  4.232e-04
 1642    205.348  0.0102624  4.202e-04
 1648    206.098  0.0102999  4.171e-04
 1653    206.723  0.0103312  4.142e-04
 1658    207.348  0.0103624  4.111e-04
 1664    208.098  0.0103999  4.082e-04
 1669    208.723  0.0104312  4.051e-04
 1675    209.473  0.0104687  4.022e-04
 1680    210.097  0.0104999  3.992e-04
 1685    210.722  0.0105312  3.961e-04
 1691    211.472  0.0105687  3.932e-04
 1696    212.097  0.0105999  3.901e-04
 1702    212.847  0.0106374  3.871e-04
 1707    213.472  0.0106687  3.841e-04
 1712    214.097  0.0106999  3.810e-04
 1718    214.847  0.0107374  3.780e-04
 1723    215.472  0.0107687  3.749e-04
 1729    216.222  0.0108062  3.719e-04
 1734    216.847  0.0108374  3.688e-04
 1739    217.471  0.0108687  3.657e-04
 1745    218.221  0.0109062  3.626e-04
 1750    218.846  0.0109374  3.596e-04
 1761    220.221  0.0110062  3.534e-04
 3700    462.564  0.0231249  4.395e-06
 4009    501.184  0.0250561  2.067e-06
 4302    537.804  0.0268873  1.145e-06
 4588    573.550  0.0286748  7.879e-07
 4868    608.545  0.0304248  6.461e-07
 5138    642.291  0.0321123  5.820e-07
