30.	-2.5242321585383245e-7
29.8	-2.64449633166122e-7
29.6	-2.771466645861929e-7
29.4	-2.905583214053428e-7
29.2	-3.047307766971092e-7
29.	-3.1971511845332915e-7
28.8	-3.3555644226136015e-7
28.6	-3.5232172023446953e-7
28.4	-3.7007804662528056e-7
28.2	-3.888773959302304e-7
28.	-4.087902615338251e-7
27.8	-4.2993060785205883e-7
27.6	-4.523099670193659e-7
27.4	-4.760830876542105e-7
27.2	-5.013024696581931e-7
27.	-5.281045899349767e-7
26.8	-5.56600273724345e-7
26.6	-5.868888244094729e-7
26.4	-6.19082330662508e-7
26.2	-6.534122004903758e-7
26.	-6.899021108462159e-7
25.8	-7.288993163424776e-7
25.6	-7.703301723083719e-7
25.4	-8.146036441502559e-7
25.2	-8.618721595606353e-7
25.	-9.123711620674933e-7
24.8	-9.66327800430051e-7
24.6	-1.0240891978636585e-6
24.4	-1.0857823655084467e-6
24.2	-1.1519373741774917e-6
24.	-1.2227955001893455e-6
23.8	-1.2987778552311976e-6
23.6	-1.3803114707054527e-6
23.4	-1.4678711237960989e-6
23.2	-1.5619633746718214e-6
23.	-1.6632006927460884e-6
22.8	-1.7720376262100227e-6
22.6	-1.889288727063712e-6
22.4	-2.0156730676519124e-6
22.2	-2.1520501119575124e-6
22.	-2.2991812733871297e-6
21.8	-2.4582541372635325e-6
21.6	-2.630130079903949e-6
21.4	-2.8161848828877437e-6
21.2	-3.0177538066700946e-6
21.	-3.236339568639613e-6
20.8	-3.4734459444470545e-6
20.6	-3.731174808364439e-6
20.4	-4.011166052450159e-6
20.2	-4.315933921318184e-6
20.	-4.64794708844846e-6
19.8	-5.009992583688443e-6
19.6	-5.405249336868905e-6
19.4	-5.8371462837552195e-6
19.2	-6.3095381374796765e-6
19.	-6.8269699384472444e-6
18.8	-7.394345951174961e-6
18.6	-8.017057274040072e-6
18.4	-8.701406069264873e-6
18.2	-9.45447412638422e-6
18.	-0.0000102840487228687
17.8	-0.000011199157959946478
17.6	-0.000012209838293949286
17.4	-0.000013327630970878229
17.2	-0.000014565480857912708
17.	-0.000015938221970668428
16.8	-0.000017462621573776255
16.6	-0.000019157999870487563
16.4	-0.00002104619845626542
16.2	-0.000023152285569220155
16.	-0.000025505078893392416
15.8	-0.00002813751926144722
15.6	-0.000031087573107110857
15.4	-0.000034398915326868416
15.2	-0.00003812184720488
15.	-0.000042314707942814026
14.8	-0.0000470448887335185
14.6	-0.000052390529858565015
14.4	-0.00005844236966457088
14.2	-0.00006530612267160194
14.	-0.00007310479453923167
13.8	-0.00008198328174039079
13.6	-0.000092106359970421
13.4	-0.00010367507285473491
13.2	-0.00011691666669032578
13.	-0.00013210501145071406
12.8	-0.0001495586758418124
12.6	-0.00016965368722605078
12.4	-0.00019283405479838552
12.2	-0.00021962393857978424
12.	-0.00025064331328668646
11.8	-0.00028662556398364417
11.6	-0.0003284395246739713
11.4	-0.0003771145475931407
11.2	-0.00043387028958185507
11.	-0.0005001525617544219
10.8	-0.0005776743176387229
10.6	-0.0006684636922834617
10.4	-0.00077492072886836
10.2	-0.0008998802217664558
10.	-0.0010466866359685905
30.	-2.5242321585383245e-7
30.2	-2.410330354445598e-7
30.4	-2.3023076926545118e-7
30.6	-2.1999011539365954e-7
30.8	-2.10275187770473e-7
31.	-2.0105151126117662e-7
31.2	-1.9229772711842787e-7
31.4	-1.8399051698114943e-7
31.6	-1.7609186181451563e-7
31.8	-1.6859189279491068e-7
32.	-1.614474869656146e-7
32.2	-1.5466012787190643e-7
32.4	-1.4820321249532496e-7
32.6	-1.420566063166334e-7
32.8	-1.3620568232463232e-7
33.	-1.3062067626730282e-7
33.2	-1.253230776479025e-7
33.4	-1.202635621578406e-7
33.6	-1.1543925063481776e-7
33.8	-1.1083910652044833e-7
34.	-1.0644162708246986e-7
34.2	-1.0225545104916488e-7
34.4	-9.825597587329812e-8
34.6	-9.444999171086444e-8
34.8	-9.080435173243047e-8
35.	-8.731551035682029e-8
35.2	-8.399361219253762e-8
35.4	-8.091251763102955e-8
35.6	-7.776304128687012e-8
35.8	-7.486104979982439e-8
36.	-7.207690970265889e-8
36.2	-6.940580461446693e-8
36.4	-6.685702552823753e-8
36.6	-6.44207239330614e-8
36.8	-6.207667528051107e-8
37.	-5.984297227047518e-8
37.2	-5.768501649586196e-8
37.4	-5.563288810058214e-8
37.6	-5.365788407232855e-8
37.8	-5.1766343922010274e-8
38.	-4.9953165591003806e-8
38.2	-4.821093731468284e-8
38.4	-4.6540462867518876e-8
38.6	-4.4942454714783634e-8
38.8	-4.339610347107637e-8
39.	-4.19115491888316e-8
39.2	-4.0498378451405647e-8
39.4	-3.913431423595495e-8
39.6	-3.7822899768205174e-8
39.8	-3.6562055425450284e-8
40.	-3.535018557193173e-8
40.2	-3.4184541041394726e-8
40.4	-3.306448486449672e-8
40.6	-3.198546176733956e-8
40.8	-3.094859222667868e-8
41.	-2.994969843947844e-8
41.2	-2.8988333844004925e-8
41.4	-2.8063162117494438e-8
41.6	-2.717175309661903e-8
41.8	-2.6312865295587786e-8
42.	-2.5486228506563555e-8
42.2	-2.4689184403666004e-8
42.4	-2.392111628961946e-8
42.6	-2.3180902687378317e-8
42.8	-2.2467030927224033e-8
43.	-2.1779220419117583e-8
43.2	-2.1114741309420217e-8
43.4	-2.047451909126265e-8
43.6	-1.985730900093097e-8
43.8	-1.9266613018545673e-8
44.	-1.8685022015669337e-8
44.2	-1.812966905136705e-8
44.4	-1.7593119600886413e-8
44.6	-1.7075060425388196e-8
44.8	-1.6573414919364868e-8
45.	-1.6113473439237344e-8
45.2	-1.5624655969141778e-8
45.4	-1.5173350214915822e-8
45.6	-1.4737214645533924e-8
45.8	-1.4315674872246649e-8
46.	-1.3906280240066287e-8
46.2	-1.351388543007149e-8
46.4	-1.3131073624458166e-8
46.6	-1.2763973191639799e-8
46.8	-1.2406183081641263e-8
47.	-1.2062231210974442e-8
47.2	-1.1728418277463129e-8
47.4	-1.1405204204424881e-8
47.6	-1.109205927518225e-8
47.8	-1.0787992190326736e-8
48.	-1.0494872934001878e-8
48.2	-1.0211723067258119e-8
48.4	-9.936931385450521e-9
48.6	-9.669385258167705e-9
48.8	-9.410984482003973e-9
49.	-9.161964138098693e-9
49.2	-8.919518887828974e-9
49.4	-8.684386190852447e-9
49.6	-8.455536079726626e-9
49.8	-8.235739067513907e-9
50.	-8.021248029352594e-9