30.	0.18028525939050657
29.8	0.18104365530336317
29.6	0.18181286181503703
29.4	0.18259308661738552
29.2	0.183384541779223
29.	0.18418744461737532
28.8	0.18500201774638483
28.6	0.18582848974853527
28.4	0.1866670945767323
28.2	0.18751807209974541
28.	0.188381667786917
27.8	0.18925813400177666
27.6	0.19014772918068087
27.4	0.19105071878110075
27.2	0.19196737393680108
27.	0.1928979742743694
26.8	0.19384280626578504
26.6	0.19480216291939983
26.4	0.1957763456183195
26.2	0.1967656644824507
26.	0.19777043645085152
25.8	0.19879098794369632
25.6	0.19982765350868567
25.4	0.20088077756247852
25.2	0.20195071333899434
25.	0.20303782321113983
24.8	0.20414248094478019
24.6	0.20526506903751554
24.4	0.20640598295422966
24.2	0.20756562509602133
24.	0.208744411186119
23.8	0.20994277254677754
23.6	0.2111611493422197
23.4	0.2123999899867215
23.2	0.2136597650936801
23.	0.21494095230346016
22.8	0.2162440445984983
22.6	0.21756954720373
22.4	0.2189179865003685
22.2	0.22028990051756234
22.	0.22168584106679134
21.8	0.22310637792059232
21.6	0.22455210200139367
21.4	0.22602361650405303
21.2	0.22752154602233954
21.	0.2290465327840907
20.8	0.23059923941200805
20.6	0.23218034968299905
20.4	0.23379056668420398
20.2	0.2354306167265946
20.	0.23710124820497128
19.8	0.23880323346313262
19.6	0.24053736851013263
19.4	0.24230447539662664
19.2	0.24410540173589518
19.	0.24594102193887946
18.8	0.24781223889052278
18.6	0.24971998392438352
18.4	0.25166521823219484
18.2	0.2536489360472578
18.	0.2556721591592541
17.8	0.25773594935013017
17.6	0.25984139467283207
17.4	0.2619896242572465
17.2	0.26418179981674106
17.	0.2664191271936239
16.8	0.2687028425801178
16.6	0.2710342274633498
16.4	0.2734146038587851
16.2	0.2758453350617258
16.	0.2783278277543791
15.8	0.28086353354700117
15.6	0.28345394917599465
15.4	0.28610061701776246
15.2	0.2888051275357208
15.	0.2915691193829142
14.8	0.2943942778734371
14.6	0.2972823371923973
14.4	0.3002350807878268
14.2	0.30325434021525505
14.	0.3063419945154016
13.8	0.30949996974071564
13.6	0.3127302367308171
13.4	0.31603480940018186
13.2	0.31941574165906667
13.	0.32287512397100354
12.8	0.32641507817150284
12.6	0.3300377521879948
12.4	0.3337453126775473
12.2	0.33753993657237563
12.	0.34142380020736923
11.8	0.3453990683511068
11.6	0.349467878978637
11.4	0.35363232721852533
11.2	0.3578944459509282
11.	0.3622561845627038
10.8	0.36671938550349586
10.6	0.3712857558686022
10.4	0.37595683974227995
10.2	0.380733987219288
10.	0.38561832221086223
30.	0.18028525939050657
30.2	0.17953747225840241
30.4	0.17880009649879924
30.6	0.1780729386634649
30.8	0.17735581103396406
31.	0.17664852919608356
31.2	0.17595091361652032
31.4	0.17526278847340984
31.6	0.17458398237001357
31.8	0.17391432742949933
32.	0.17325365987574573
32.2	0.1726018194910268
32.4	0.17195864939076327
32.6	0.17132399677996923
32.8	0.17069771159639413
33.	0.17007964762191727
33.2	0.16946966164567367
33.4	0.1688676134937903
33.6	0.1682733661966367
33.8	0.1676867856850305
34.	0.16710774074308823
34.2	0.16653610315615572
34.4	0.16597174704340645
34.6	0.16541454969927533
34.8	0.16486439075686138
35.	0.16432115239278205
35.2	0.1637847192414216
35.4	0.16325497858086968
35.6	0.16273181947874124
35.8	0.16221513390501968
36.	0.1617048158292368
36.2	0.16120076124042282
36.4	0.16070286851184298
36.6	0.1602110379480983
36.8	0.15972517184550214
37.	0.1592451745017781
37.2	0.15877095216766524
37.4	0.15830241297786923
37.6	0.15783946681086244
37.8	0.15738202548232139
38.	0.15693000227574283
38.2	0.15648331249372757
38.4	0.15604187285261545
38.6	0.15560560195019443
38.8	0.15517441968974963
39.	0.15474824769171325
39.2	0.15432700895767945
39.4	0.15391062812157993
39.6	0.15349903120234554
39.8	0.1530921455647069
40.	0.15268989988483492
40.2	0.1522922244880598
40.4	0.15189905063013512
40.6	0.15151031119628783
40.8	0.15112594000086785
41.	0.1507458722854802
41.2	0.15037004450826755
41.4	0.1499983942349939
41.6	0.14963086010183396
41.8	0.1492673819870618
42.	0.14890790078919677
42.2	0.14855235861749866
42.4	0.1482006983860552
42.6	0.14785286425200775
42.8	0.14750880127041688
43.	0.14716845553123353
43.2	0.14683177398099537
43.4	0.1464987046651874
43.6	0.14616919641238282
43.8	0.14584319906704488
44.	0.14552066320678875
44.2	0.14520154042263375
44.4	0.1448857830566634
44.6	0.14457334426426766
44.8	0.1442641781119634
45.	0.14395823941984948
45.2	0.143655483699059
45.4	0.14335586729221114
45.6	0.14305934729138797
45.8	0.14276588150311542
46.	0.1424754284579779
46.2	0.1421879473565817
46.4	0.14190339813330624
46.6	0.1416217413427135
46.8	0.14134293827568534
47.	0.14106695085936188
47.2	0.14079374125474967
47.4	0.14052327302999282
47.6	0.14025550973861112
47.8	0.13999041575771728
48.	0.13972795599583857
48.2	0.1394680959113142
48.4	0.1392108016181389
48.6	0.13895603966560371
48.8	0.1387037772487147
49.	0.13845398199538514
49.2	0.13820662215138482
49.4	0.13796166632127993
49.6	0.13771908377312075
49.8	0.1374788442019466
50.	0.1372409177388032
50.2	0.13700527504938456
50.4	0.136771887217951
50.6	0.13654072582078647
50.8	0.1363117628483321
51.	0.136084970722297
51.2	0.13586032223525596
51.4	0.13563779083207017
51.6	0.13541735010610415
51.8	0.13519897418222215
52.	0.13498263756993684
52.2	0.1347683151390599
52.4	0.1345559821741873
52.6	0.13434561429197192
52.8	0.13413718753159112
53.	0.1339306782352292
53.2	0.13372606331026884
53.4	0.13352331965868647
53.6	0.13332242474888745
53.8	0.13312335639871842
54.	0.13292609268072592
54.2	0.13273061193497251
54.4	0.13253689300687543
54.6	0.13234491494382708
54.8	0.1321546570844422
55.	0.13196609907410772
55.2	0.13177922093733116
55.4	0.1315940029000437
55.6	0.13141042546882564
55.8	0.13122846951686062
56.	0.13104811616680734
56.2	0.130869346703521
56.4	0.13069214291088027
56.6	0.1305164865141388
56.8	0.13034235987587492
57.	0.1301697453032995
57.2	0.12999862546332605
57.4	0.12982898328946058
57.6	0.12966080191574525
57.8	0.12949406485859916
58.	0.129328755581529
58.2	0.12916485802334535
58.4	0.1290023562443905
58.6	0.12884123464038896
58.8	0.12868147760083395
59.	0.12852306994814008
59.2	0.12836599661895354
59.4	0.1282102428050868
59.6	0.12805579374973267
59.8	0.12790263515926248
60.	0.1277507526790338