45.	0.32429429369338636
44.8	0.3244623015294839
44.6	0.32463225723288897
44.4	0.324804191785255
44.2	0.32497813701976364
44.	0.32515412533572624
43.8	0.3253321894346722
43.6	0.3255123633378827
43.4	0.32569468120208295
43.2	0.32587917797059057
43.	0.3260658895970973
42.8	0.3262548525985169
42.6	0.32644610437944316
42.4	0.3266396827831405
42.2	0.32683562665397
42.	0.3270339759000918
41.8	0.3272347709463795
41.6	0.3274380532485557
41.4	0.32764386485898717
41.2	0.3278522491735563
41.	0.3280632502211403
40.8	0.32827691312865936
40.6	0.328493283799456
40.4	0.3287124093874613
40.2	0.32893433793467
40.	0.3291591185685824
39.8	0.32938680151818633
39.6	0.32961743809857336
39.4	0.32985108078912895
39.2	0.3300877832344904
39.	0.3303276002977131
38.8	0.33057058819135154
38.6	0.33081680395215207
38.4	0.33106630646633295
38.2	0.3313191557572084
38.	0.3315754132501049
37.8	0.33183514173258044
37.6	0.33209840539382823
37.4	0.33236527006753186
37.2	0.3326358030288108
37.	0.332910073179042
36.8	0.33318815103090316
36.6	0.333470108756209
36.4	0.33375602026433293
36.2	0.33404596126033276
36.	0.3343400091922636
35.8	0.33463824343824516
35.6	0.33494074530444834
35.4	0.3352475980782753
35.2	0.33555888706726456
35.	0.3358746996846738
34.8	0.33619512554382075
34.6	0.336520256434468
34.4	0.3368501864560411
34.2	0.3371850120919166
34.	0.33752483221378304
33.8	0.33786974826052474
33.6	0.33821986420176864
33.4	0.33857528672641807
33.2	0.3389361251738778
33.	0.3393024917839976
32.8	0.33967450169319297
32.6	0.3400522730291224
32.4	0.3404359270630828
32.2	0.3408255881797571
32.	0.34122138411320246
31.8	0.3416234460770128
31.6	0.3420319086040835
31.4	0.3424469099820082
31.2	0.3428685922122546
31.	0.3432971011620754
30.8	0.34373258670601814
30.6	0.34417520276047275
30.4	0.34462510752469866
30.2	0.34508246355311967
30.	0.3455474380163521
29.8	0.34602020271300193
29.6	0.3465009342812839
29.4	0.3469898144056053
29.2	0.3474870298547423
29.	0.3479927727761673
28.8	0.34850724097001173
28.6	0.34903063770311604
28.4	0.3495631724028725
28.2	0.35010506056498375
28.	0.3506565238381313
27.8	0.35121779069405445
27.6	0.3517890962055405
27.4	0.35237068254205783
27.2	0.35296279911049344
27.	0.35356570290495315
26.8	0.3541796587201446
26.6	0.354804939281501
26.4	0.3554418259621543
26.2	0.35609060870653175
26.	0.35675158636700216
25.8	0.35742506722251105
25.6	0.35811136929914356
25.4	0.35881082049623547
25.2	0.35952375936244746
25.	0.36025053498071696
24.8	0.36099150791606266
24.6	0.3617470501973693
24.4	0.3625175460842993
24.2	0.3633033923397972
24.	0.3641049987230353
23.8	0.3649227886017658
23.6	0.3657571994282066
23.4	0.3666086832730381
23.2	0.36747770744995434
23.	0.3683647550493658
22.8	0.36927032561175627
22.6	0.37019493585877816
22.4	0.3711391202087377
22.2	0.37210343171369903
22.	0.37308844246484313
21.8	0.3740947452321986
21.6	0.3751229528478309
21.4	0.37617370036689846
21.2	0.3772476457132109
21.	0.37834546991093865
20.8	0.3794678790224762
20.6	0.38061560449973864
20.4	0.3817894048205926
20.2	0.3829900659595809
20.	0.3842184033146656
19.8	0.3854752624973749
19.6	0.38676152078049697
19.4	0.38807808845109915
19.2	0.3894259103896023
19.	0.3908059672006061
18.8	0.3922192773448985
18.6	0.3936668985726973
18.4	0.3951499293788646
18.2	0.39666951130855693
18.	0.3982268303029547
17.8	0.3998231196839468
17.6	0.4014596614368842
17.4	0.403137788393206
17.2	0.4048588869129289
17.	0.4066243992670828
16.8	0.4084358265802069
16.6	0.4102947302893079
16.4	0.4122027361423946
16.2	0.41416153675171985
16.	0.4161728945307487
15.8	0.41823864545835965
15.6	0.4203607010328189
15.4	0.42254105350486626
15.2	0.4247817783249906
15.	0.42708503822168553
14.8	0.4294530886374514
14.6	0.4318882782531214
14.4	0.4343930572418926
14.2	0.43696997917612385
14.	0.43962170642759285
13.8	0.44235101474712074
13.6	0.4451607977730905
13.4	0.4480540718186209
13.2	0.4510339823836158
13.	0.4541038062268575
12.8	0.4572669577050192
12.6	0.4605269955357434
12.4	0.4638876226918216
12.2	0.4673526958743623
12.	0.47092622645512033
11.8	0.4746123844400929
11.6	0.47841550002797856
11.4	0.48234006781333844
11.2	0.4863907462964749
11.	0.4905723539355897
10.8	0.49488987052222944
10.6	0.4993484234422413
10.4	0.5039532864022505
10.2	0.5087098568983649
10.	0.5136236417926291
9.8	0.5187002272151566
9.6	0.5239452430757499
9.4	0.5293643129794966
9.2	0.5349629946356633
9.	0.5407466980686964
8.8	0.546720583787345
8.6	0.5528894340366627
8.4	0.5592574908124532
8.2	0.565828256594837
8.	0.5726042512545124
7.8	0.579586722651246
7.6	0.5867753117514699
7.4	0.5941676800174742
7.2	0.6017591212566005
7.	0.6095421934212338
6.8	0.6175064280388948
6.6	0.625638188892253
6.4	0.6339207547069543
6.2	0.6423346717498813
6.	0.6508583537422654
5.8	0.6594688082211349
5.6	0.6681422453460732
5.4	0.6768542661825057
5.2	0.6855793279494796
5.	0.6942892509177749
45.	0.32429429369338636
45.2	0.32412820330889364
45.4	0.3239640004597422
45.6	0.32380165601169325
45.8	0.3236411408406539
46.	0.3234824273646974
46.2	0.3233254875509784
46.4	0.32317029448247414
46.6	0.3230168216605357
46.8	0.3228650429827253
47.	0.3227149327147547
47.2	0.32256646605419625
47.4	0.32241961826415
47.6	0.32227436526505693
47.8	0.32213068329053707
48.	0.3219885491551867
48.2	0.3218479400144399
48.4	0.32170883346092705
48.6	0.32157120764748626
48.8	0.3214350408123823
49.	0.32130031189826863
49.2	0.3211670001463644
49.4	0.32103508500892536
49.6	0.3209045465436381
49.8	0.32077536504510173
50.	0.3206475211614245
50.2	0.320520995936985
50.4	0.3203957707057345
50.6	0.32027182721626174
50.8	0.32014914737811256
51.	0.32002771368927546
51.2	0.3199075084650261
51.4	0.3197885149676223
51.6	0.3196707164001379
51.8	0.3195540961194159
52.	0.3194386380651678
52.2	0.3193243264446467
52.4	0.3192111453362592
52.6	0.31909907969503815
52.8	0.3189881142686236
53.	0.3188782342544369
53.2	0.3187694248890894
53.4	0.3186616722361975
53.6	0.31855496173973585
53.8	0.3184492798331754
54.	0.31834461288458415
54.2	0.31824094731320035
54.4	0.3181382702174569
54.6	0.3180365683637052
54.8	0.3179358290704659
55.	0.3178360397955866
55.2	0.31773718835532366
55.4	0.317639262513422
55.6	0.31754225042056067
55.8	0.3174461401700578
56.	0.31735092039934143
56.2	0.317256579665766
56.4	0.3171631066310782
56.6	0.3170704906407749
56.8	0.3169787207509854
57.	0.3168877862029272
57.2	0.3167976765174908
57.4	0.31670838133188267
57.6	0.31661989079996755
57.8	0.3165321945813476
58.	0.3164452831569647
58.2	0.3163591464871074
58.4	0.3162737754491182
58.6	0.3161891603404178
58.8	0.31610529192867864
59.	0.31602216141522926
59.2	0.3159397594614302
59.4	0.3158580775025911
59.6	0.31577710682406906
59.8	0.31569683892101746
60.	0.31561726527376155
60.2	0.3155383774858356
60.4	0.3154601676829394
60.6	0.31538262745508305
60.8	0.31530574931222766
61.	0.31522952500229845
61.2	0.31515394722957574
61.4	0.3150790081090254
61.6	0.31500470035758593
61.8	0.31493101658476175
62.	0.3148579496667147
62.2	0.31478549209091183
62.4	0.31471363719930884
62.6	0.31464237793594757
62.8	0.31457170745076235
63.	0.3145016190403046
63.2	0.3144321060564415
63.4	0.31436316198438596
63.6	0.31429478036928665
63.8	0.31422695493491415
64.	0.3141596791546256
64.2	0.314092947148119
64.4	0.3140267526994507
64.6	0.31396108988784327
64.8	0.3138959527495048
65.	0.31383133551911446
65.2	0.31376723225949504
65.4	0.31370363743621615
65.6	0.31364054551185516
65.8	0.3135779509210929
66.	0.31351584826595136
66.2	0.31345423210679224
66.4	0.3133930972510748
66.6	0.3133324384098297
66.8	0.3132722505843789
67.	0.3132125284108931
67.2	0.3131532671766525
67.4	0.3130944618295702
67.6	0.3130361075395252
67.8	0.3129781995152026
68.	0.3129207329539684
68.2	0.31286370326542445
68.4	0.31280710583293747
68.6	0.3127509359857026
68.8	0.3126951893851743
69.	0.31263986164442414
69.2	0.31258494819059673
69.4	0.31253044476543834
69.6	0.3124763472572042
69.8	0.312422651395721
70.	0.31236935301765617
70.2	0.31231644804303665
70.4	0.312263932463902
70.6	0.3122118022217469
70.8	0.31216005351630316
71.	0.31210868237390327
71.2	0.3120576849685077
71.4	0.312007057543997
71.6	0.3119567963569473
71.8	0.31190689773303465
72.	0.3118573581659785
72.2	0.31180817363888247
72.4	0.3117593410356752
72.6	0.3117108567346277
72.8	0.3116627172595441
73.	0.311614919222272
73.2	0.31156745917998635
73.4	0.31152033389775624
73.6	0.3114735400288027
73.8	0.31142707437609435
74.	0.3113809336800974
74.2	0.3113351148150091
74.4	0.3112896146551814
74.6	0.3112444301019637
74.8	0.31119955810454647
75.	0.3111549956626113
75.2	0.3111107398073796
75.4	0.3110667875776458
75.6	0.3110231360866512
75.8	0.31097978245902935
76.	0.31093672387206067
76.2	0.3108939575237596
76.4	0.31085148065433843
76.6	0.3108092905168067
76.8	0.3107673844402601
77.	0.31072575973557176
77.2	0.31068441375596717
77.4	0.3106433439389327
77.6	0.3106025476873
77.8	0.31056202246426606
78.	0.3105217657417818
78.2	0.31048177507496133
78.4	0.31044204798153174
78.6	0.31040258204956045
78.8	0.31036337495919875
79.	0.31032442411396766
79.2	0.3102857273750985
79.4	0.3102472824125635
79.6	0.3102090869001043
79.8	0.31017113857408607
80.	0.3101334352180223