5.	0.13535810979400495
4.95	0.13521494114082216
4.9	0.13507166690549438
4.85	0.13492828727423598
4.8	0.13478480102832058
4.75	0.13464120822273007
4.699999999999999	0.1344975076660938
4.6499999999999995	0.13435369912039308
4.6000000000000005	0.13420978209663104
4.55	0.13406575578033356
4.5	0.13392161949041595
4.45	0.13377737281434335
4.4	0.1336330151887676
4.35	0.13348854576866062
4.3	0.13334396384271524
4.25	0.1331992691414779
4.2	0.1330544606949307
4.1499999999999995	0.13290953792334173
4.1000000000000005	0.13276450048483848
4.050000000000001	0.13261934743659265
4.	0.1324740780354654
3.95	0.13232869191881805
3.9000000000000004	0.13218318812245106
3.85	0.13203756608159323
3.8	0.13189182513136646
3.75	0.13174596486691692
3.7	0.13159998360546005
3.65	0.13145388165295674
3.5999999999999996	0.13130765777229494
3.55	0.13116131166486042
3.5	0.13101484210070935
3.4499999999999997	0.130868248583682
3.3999999999999995	0.13072153062816114
3.3499999999999996	0.13057468679805173
3.3	0.13042771693006328
3.25	0.13028062006926905
3.2	0.1301333954168746
3.15	0.12998604221135818
3.1	0.1298385596438966
3.05	0.12969094692044514
3.	0.12954320322450105
2.95	0.1293953277431298
2.9000000000000004	0.12924731967666916
2.8500000000000005	0.12909917814460392
2.8000000000000003	0.1289509023362923
2.75	0.12880249139771827
2.7	0.12865394451009626
2.6500000000000004	0.1285052606383928
2.6	0.12835643910429465
2.55	0.12820747886451192
2.5	0.12805837911161316
2.45	0.12790913888840935
2.4	0.1277597573053178
2.3499999999999996	0.12761023341871267
2.3	0.12746056629828362
2.25	0.12731075498652317
2.1999999999999997	0.1271607985116314
2.1500000000000004	0.1270106960056641
2.1	0.1268604462512417
2.0500000000000003	0.12671004846604392
2.	0.12655950161240417
1.9500000000000002	0.12640880463267343
1.9	0.1262579564836443
1.85	0.12610695617239717
1.7999999999999998	0.12595580285603106
1.75	0.12580449480918499
1.6999999999999997	0.12565303161152114
1.65	0.12550141196684517
1.5999999999999996	0.1253496347552633
1.5500000000000003	0.12519769891738303
1.5000000000000002	0.12504560327976866
1.4500000000000002	0.12489334679648825
1.4000000000000001	0.12474092792811216
1.35	0.12458834628654848
1.3	0.12443559971302458
1.25	0.12428268759301936
1.2	0.12412960863936247
1.15	0.12397636162313888
1.0999999999999999	0.12382294540230004
1.0499999999999998	0.12366935848551733
0.9999999999999998	0.12351560009138168
0.9499999999999997	0.12336166810701972
0.9000000000000002	0.12320756195804597
0.8500000000000002	0.12305327976961596
0.8000000000000002	0.12289882055724445
0.7500000000000001	0.12274418292665581
0.7000000000000001	0.12258936561873567
0.65	0.12243436690803101
0.6	0.12227918548253232
0.5499999999999999	0.12212382020182819
0.4999999999999999	0.12196826929779167
0.44999999999999984	0.12181253149195166
0.3999999999999998	0.12165660517123228
0.34999999999999976	0.12150048897938655
0.30000000000000027	0.12134418121585999
0.2500000000000002	0.12118768041753258
0.20000000000000018	0.12103098495354314
0.15000000000000013	0.12087409320447737
0.10000000000000009	0.12071700397297273
0.050000000000000044	0.12055971498610943
0.	0.12040222500083197
5.	0.13535810979400495
5.05	0.13550117411478024
5.1	0.13564413446533652
5.15	0.1357869910861886
5.2	0.13592974481212924
5.25	0.13607239650753564
5.300000000000001	0.1362149458093386
5.3500000000000005	0.1363573941095335
5.4	0.13649974146491528
5.45	0.13664198861795976
5.5	0.1367841361061119
5.550000000000001	0.13692618417499636
5.6000000000000005	0.13706813360784403
5.6499999999999995	0.13720998488983654
5.700000000000001	0.1373517385400358
5.75	0.13749339499564814
5.8	0.13763495455839952
5.85	0.13777641757996192
5.8999999999999995	0.13791778520135908
5.949999999999999	0.1380590577798213
6.	0.13820023547561416
6.05	0.1383413182953779
6.1	0.1384823079873321
6.15	0.1386232036941439
6.2	0.13876400679687104
6.25	0.1389047174855674
6.3	0.13904533604995262
6.35	0.13918586352543777
6.4	0.13932629917407216
6.45	0.13946664452657725
6.5	0.13960689962513964
6.550000000000001	0.13974706502282988
6.6000000000000005	0.13988714099088068
6.65	0.14002712804549364
6.7	0.1401670265078834
6.75	0.1403068371106806
6.799999999999999	0.14044655997431352
6.8500000000000005	0.14058619547084622
6.8999999999999995	0.14072574433980317
6.950000000000001	0.14086520669767566
7.	0.14100458299584204
7.05	0.1411438737778509
7.1	0.14128307946778657
7.1499999999999995	0.1414222001535683
7.199999999999999	0.1415612364597947
7.25	0.14170018885064123
7.3	0.1418390574737826
7.35	0.1419778428754358
7.4	0.14211654545954752
7.45	0.1422551655592643
7.5	0.1423937036726516
7.55	0.1425321597835841
7.6	0.1426705347277491
7.65	0.14280882855944843
7.7	0.142947041853223
7.75	0.14308517486609648
7.800000000000001	0.14322322800993437
7.85	0.14336120142791997
7.9	0.14349909572264385
7.949999999999999	0.14363691120257213
8.	0.14377464817979976
8.049999999999999	0.14391230698521207
8.100000000000001	0.14404988811321426
8.149999999999999	0.14418739153899213
8.200000000000001	0.14432481787486653
8.25	0.1444621675751911
8.3	0.14459944069657746
8.35	0.1447366378424056
8.4	0.14487375907098005
8.45	0.14501080491174997
8.5	0.14514777552424601
8.55	0.14528467131532702
8.6	0.14542149250386263
8.65	0.1455582397711183
8.7	0.145694913029897
8.75	0.1458315127626899
8.8	0.14596803915897927
8.85	0.1461044927648635
8.9	0.1462408735130172
8.95	0.146377182213483
9.	0.1465134187453012
9.05	0.1466495836567752
9.1	0.14678567706387866
9.15	0.14692169920330278
9.2	0.1470576508291127
9.25	0.14719353164750507
9.299999999999999	0.14732934243577192
9.350000000000001	0.14746508307864198
9.399999999999999	0.14760075418834576
9.450000000000001	0.1477363556046291
9.5	0.14787188837014673
9.55	0.1480073520746795
9.6	0.14814274719722526
9.65	0.14827807404144208
9.7	0.1484133329971469
9.75	0.14854852414472594
9.8	0.14868364791768157
9.85	0.14881870443827383
9.9	0.148953693882329
9.95	0.14908861715274957
10.	0.14922347370540537
10.049999999999999	0.14935826414920209
10.1	0.14949298853659373
10.150000000000002	0.14962764769549167
10.2	0.1497622413550384
10.25	0.14989676992909998
10.3	0.15003123364498339
10.350000000000001	0.15016563282916345
10.4	0.15029996770011203
10.45	0.15043423817450968
10.5	0.1505684450993291
10.55	0.1507025886359921
10.600000000000001	0.15083666836223383
10.649999999999999	0.1509706854258412
10.7	0.1511046392054115
10.75	0.15123853086181083
10.8	0.15137235979131666
10.85	0.1515061264335347
10.899999999999999	0.1516398313714154
10.95	0.15177347491417292
11.	0.15190705672470328
11.05	0.15204057736766058
11.099999999999998	0.15217403675655738
11.15	0.15230743583947254
11.200000000000001	0.15244077425641436
11.25	0.15257405224451182
11.299999999999999	0.15270726994048128
11.35	0.15284042829203426
11.400000000000002	0.15297352655015223
11.45	0.15310656560625155
11.5	0.15323954578648782
11.55	0.1533724663984333
11.600000000000001	0.15350532872086287
11.65	0.1536381320479149
11.7	0.1537708772389508
11.75	0.15390356434532232
11.8	0.15403619380197126
11.850000000000001	0.1541687650328412
11.899999999999999	0.15430127942555938
11.95	0.15443373611716377
12.	0.15456613540924347
12.05	0.1546984783894677
12.1	0.15483076418253905
12.149999999999999	0.15496299391810417
12.2	0.15509516754661049
12.25	0.15522728467282224
12.3	0.1553593461658856
12.349999999999998	0.1554913518363357
12.4	0.15562330206176989
12.450000000000001	0.15575519670330784
12.5	0.15588703696106382
12.549999999999999	0.15601882154245336
12.6	0.1561505522056039
12.650000000000002	0.15628222758091095
12.7	0.15641384936887318
12.75	0.15654541649644774
12.8	0.15667693000237534
12.850000000000001	0.15680838973987052
12.9	0.1569397952981355
12.95	0.15707114833540364
13.	0.15720244738199735
13.05	0.1573336942346281
13.100000000000001	0.1574648876595111
13.149999999999999	0.157596028632815
13.2	0.15772711663088124
13.25	0.1578581527502815
13.3	0.1579891367391256
13.35	0.1581200690721393
13.399999999999999	0.15825094950406934
13.45	0.1583817776869822
13.5	0.15851255493325891
13.55	0.15864328139475878
13.599999999999998	0.15877395580043424
13.65	0.15890458010453862
13.700000000000001	0.15903515305013086
13.75	0.15916567616288416
13.799999999999999	0.15929614838118777
13.85	0.1594265706823947
13.900000000000002	0.15955694227085473
13.95	0.15968726433926836
14.	0.15981753668143744
14.05	0.1599477590753971
14.100000000000001	0.16007793236618806
14.15	0.16020805689033993
14.2	0.16033813188172716
14.25	0.1604681578909339
14.3	0.16059813468936074
14.350000000000001	0.16072806334600007
14.399999999999999	0.16085794352242766
14.45	0.16098777571620623
14.5	0.161117559130143
14.55	0.16124729487993528
14.6	0.16137698279683627
14.649999999999999	0.16150662302345847
14.7	0.16163621572245063
14.75	0.16176576119589992
14.8	0.16189525944336636
14.849999999999998	0.16202471016165454
14.9	0.16215411427388543
14.950000000000001	0.1622834722354003
15.	0.1624127828856273