30.	3.8348918028127e-6
29.8	3.890502349289369e-6
29.6	3.947154918411796e-6
29.4	4.00489475319338e-6
29.2	4.063704489724129e-6
29.	4.123629765544766e-6
28.8	4.184712517619149e-6
28.6	4.246915062982469e-6
28.4	4.310344637795053e-6
28.2	4.375001654161308e-6
28.	4.440878684249084e-6
27.8	4.508048889225629e-6
27.6	4.576513570399116e-6
27.4	4.646313396485739e-6
27.2	4.717483399066382e-6
27.	4.7900383761845085e-6
26.8	4.86403206775827e-6
26.6	4.9394813707076756e-6
26.4	5.01643235265185e-6
26.2	5.094921801644452e-6
26.	5.1749670165240426e-6
25.8	5.2566167132046454e-6
25.6	5.3399246637068165e-6
25.4	5.424944223592154e-6
25.2	5.511622582746048e-6
25.	5.60010924562439e-6
24.8	5.690363088701739e-6
24.6	5.7824799683099136e-6
24.4	5.876529976827948e-6
24.2	5.972485749643244e-6
24.	6.0704318989711654e-6
24.	6.070398143849799e-6
23.8	6.170408347806505e-6
23.6	6.272462147566047e-6
23.4	6.376644335324997e-6
23.2	6.482981372830873e-6
23.	6.591605229608825e-6
22.8	6.702487915958372e-6
22.6	6.815701931810797e-6
22.4	6.93132990323464e-6
22.2	7.049407500447234e-6
22.	7.169970535107149e-6
21.8	7.293147542697788e-6
21.6	7.418963440189e-6
21.4	7.547435332113719e-6
21.2	7.678682470706792e-6
21.	7.812751843918792e-6
20.8	7.949687118950635e-6
20.6	8.089628220018139e-6
20.4	8.232539857821826e-6
20.2	8.378577777646795e-6
20.	8.527799292903934e-6
19.8	8.680223638137297e-6
19.6	8.835956795711952e-6
19.4	8.995109867321322e-6
19.2	9.157689710924682e-6
19.	9.323796780267001e-6
18.8	9.493538081634573e-6
18.6	9.666948305958904e-6
18.4	9.844119715336747e-6
18.2	0.00001002512332529054
18.	0.000010210037345967616
17.8	0.000010398951889787571
17.6	0.000010591920436829247
17.4	0.000010789018256221163
17.2	0.000010990355495594875
17.	0.000011195947236891333
16.8	0.000011405917605305979
16.6	0.000011620261450908709
16.4	0.000011839139920369891
16.2	0.000012062537403096233
16.	0.000012290525645523996
15.8	0.000012523159909895662
15.6	0.00001276047911142274
15.4	0.000013002510917653442
15.2	0.000013249255426224174
15.	0.000013500816595418895
14.8	0.00001375707848655569
14.6	0.000014018145515110095
14.4	0.000014283876980116953
14.2	0.00001455425989485762
14.	0.000014829290436767376
13.8	0.000015108463052985267
13.6	0.000015392541905878834
13.4	0.000015680287899908
13.2	0.00001597227819162322
13.	0.000016267921030449457
12.8	0.00001656691686476183
12.6	0.000016868876061162448
12.4	0.00001717329512018734
12.2	0.00001747933530848244
12.	0.00001778657038126521
11.8	0.000018093769825628047
11.6	0.00001839975094785303
11.4	0.000018703166166110203
11.2	0.000019001962639380416
11.	0.000019293671046361212
10.8	0.000019575284100744247
10.6	0.000019842539550574548
10.4	0.000020090179076427622
10.2	0.00002031118303285983
10.	0.00002049587605502456
9.8	0.000020631290037056332
9.6	0.00002069955892807267
9.4	0.000020675956118832817
9.2	0.000020525708052060154
9.	0.000020199427362254168
8.8	0.000019626514649428097
8.6	0.000018704600495142014
8.4	0.0000172843452083792
8.2	0.000015145473320841434
8.	0.000011960545141511375
7.8	7.238823247990966e-6
7.6	2.3970982131819476e-7
7.4	-0.00001016229296242398
7.2	-0.00002568604520628543
7.	-0.00004896727931276424
7.	-0.0000489672943194247
6.8	-0.00008405513148698861
6.6	-0.00013716703997289007
6.4	-0.00021781322512847044
6.2	-0.00034042541502785886
6.	-0.000526617520604007
5.8	-0.0008081318280685566
5.6	-0.001230374342722013
5.4	-0.0018561194219658716
5.2	-0.002768692435564217
5.	-0.004073772437181698
4.8	-0.005899249884573729
4.6	-0.00839328471882524
4.4	-0.01172150294672355
4.2	-0.016064658925909178
4.	-0.021617647136124088
30.	3.8348918028127e-6
30.2	3.7802559931157534e-6
30.4	3.7266482629566754e-6
30.6	3.674020572115536e-6
30.8	3.622330541920938e-6
31.	3.571573826355186e-6
31.2	3.5217388837516327e-6
31.4	3.472778342846135e-6
31.6	3.4246846634439935e-6
31.8	3.3774805493134987e-6
32.	3.3310856727656897e-6
32.2	3.2855194033767043e-6
32.4	3.240757086548946e-6
32.6	3.1967763275003464e-6
32.8	3.1535440565204527e-6
33.	3.1110768617483845e-6
33.2	3.06935666573844e-6
33.4	3.0283389085831788e-6
33.6	2.9880207194119366e-6
33.8	2.9484025900599834e-6
34.	2.9094699106449455e-6
34.2	2.8711865635205134e-6
34.4	2.83354467236788e-6
34.6	2.796554439351357e-6
34.8	2.760183037155887e-6
35.	2.724406080925578e-6
35.2	2.6892387822076585e-6
35.4	2.654649124078497e-6
35.6	2.6206378157197057e-6
35.8	2.5871952415808956e-6
36.	2.5543082996180448e-6
36.2	2.5219295279737597e-6
36.4	2.490093913959363e-6
36.6	2.4587939979357793e-6
36.8	2.4279718609032686e-6
37.	2.3976653066239495e-6
37.2	2.3678414500149783e-6
37.4	2.3384924929514658e-6
37.6	2.3096257715895085e-6
37.8	2.2812117179981702e-6
38.	2.2532610639733493e-6
38.2	2.2257297830846257e-6
38.4	2.198646917943731e-6
38.6	2.1719843398748484e-6
38.8	2.1457387118862497e-6
39.	2.1199130566656224e-6
39.2	2.0944751850304776e-6
39.4	2.0694370110940513e-6
39.6	2.0447995326307442e-6
39.8	2.0205084729719684e-6
40.	1.9966155076450322e-6
40.2	1.9730715877091345e-6
40.4	1.9498969468824727e-6
40.6	1.9270700736761266e-6
40.8	1.9045947136715567e-6
41.	1.882454533929061e-6
41.2	1.8606440614095913e-6
41.4	1.8391578460208521e-6
41.6	1.818000694082959e-6
41.8	1.7971475729581136e-6
42.	1.7766108517313347e-6
42.2	1.7563818726784102e-6
42.4	1.7364388251022074e-6
42.6	1.7167943948502985e-6
42.8	1.6974509296247489e-6
43.	1.678367495918707e-6
43.2	1.659565141589626e-6
43.4	1.6410399999294535e-6
43.6	1.6227857733612834e-6
43.8	1.604803569205064e-6
44.	1.5870538928232725e-6
44.	1.5870607219591767e-6
44.2	1.5695701876215796e-6
44.4	1.5523379082965062e-6
44.6	1.5353479754262393e-6
44.8	1.5185913636620785e-6
45.	1.5020783328346167e-6
45.2	1.4857973560920883e-6
45.4	1.4697523681353011e-6
45.6	1.4539228555958362e-6
45.8	1.4383110179894405e-6
46.	1.4229187018186626e-6
46.2	1.4077421586647044e-6
46.4	1.3927783363125643e-6
46.6	1.3780112760456248e-6
46.8	1.3634604965213678e-6
47.	1.3490950028540466e-6
47.2	1.3349312379959854e-6
47.4	1.320966001384454e-6
47.6	1.307185343045404e-6
47.8	1.2935772330063499e-6
48.	1.2801641701698725e-6
48.2	1.2669214007965983e-6
48.4	1.2538637057618959e-6
48.6	1.2409933067800393e-6
48.8	1.228279773930693e-6
49.	1.2157343144703754e-6