# pos     time      freq       fta
   27     13.982  0.0715224  2.266e-03
   59     29.961  0.0333771  7.308e-04
   75     37.950  0.0263504  3.612e-04
   92     46.439  0.0215336  1.085e-04
  109     54.928  0.0182057  2.726e-05
  124     62.418  0.0160210  6.225e-06
  140     70.407  0.0142030  7.302e-07
  153     76.899  0.0130041  1.482e-07
  166     83.390  0.0119918  8.601e-08
  172     86.386  0.0115759  8.750e-08
 2228   1113.037  0.0008984  8.750e-08
 2234   1116.033  0.0008960  8.601e-08
 2247   1122.525  0.0008908  1.482e-07
 2260   1129.016  0.0008857  7.302e-07
 2276   1137.006  0.0008795  6.225e-06
 2291   1144.496  0.0008737  2.726e-05
 2308   1152.985  0.0008673  1.085e-04
 2325   1161.474  0.0008610  3.612e-04
 2341   1169.463  0.0008551  7.308e-04
 2373   1185.442  0.0008436  2.266e-03
