30.	-7.202098466741886e-7
29.8	-7.565638394096259e-7
29.6	-7.949650532694109e-7
29.4	-8.355587678712741e-7
29.2	-8.78535949584503e-7
29.	-9.239800138123163e-7
28.8	-9.720834617267947e-7
28.6	-1.0230395841074715e-6
28.4	-1.0769798858995596e-6
28.2	-1.1341512616897855e-6
28.	-1.1947738800440572e-6
27.8	-1.2590783333060495e-6
27.6	-1.3273063994758314e-6
27.4	-1.3997384279500602e-6
27.2	-1.4766802633116252e-6
27.	-1.5583973139209968e-6
26.8	-1.6452982241466973e-6
26.6	-1.737751442102164e-6
26.4	-1.8359247144879633e-6
26.2	-1.940840364149892e-6
26.	-2.0523786716833704e-6
25.8	-2.1713039344924323e-6
25.6	-2.298049509117873e-6
25.4	-2.433364876421235e-6
25.2	-2.577777549380113e-6
25.	-2.73204363754565e-6
24.8	-2.8968771619729353e-6
24.6	-3.073124691862104e-6
24.4	-3.2617732443698974e-6
24.2	-3.463786922612497e-6
24.	-3.6800884296772642e-6
23.8	-3.912215345747967e-6
23.6	-4.161041540664096e-6
23.4	-4.427991800395029e-6
23.2	-4.715024941906509e-6
23.	-5.023325273530723e-6
22.8	-5.355091085871867e-6
22.6	-5.712131538491194e-6
22.4	-6.09681258843688e-6
22.2	-6.511422274093969e-6
22.	-6.95882519775939e-6
21.8	-7.441766122596229e-6
21.6	-7.963633986712036e-6
21.4	-8.528065058574419e-6
21.2	-9.1387666161658e-6
21.	-9.800409608319469e-6
20.8	-0.00001051751233385367
20.6	-0.000011295805814875023
20.4	-0.000012141032778109966
20.2	-0.000013059774651080571
20.	-0.000014059423860151447
19.8	-0.000015148132192517886
19.6	-0.000016334975677772085
19.4	-0.000017630008536642817
19.2	-0.000019044518033121644
19.	-0.00002059128986792536
18.8	-0.00002228426064944439
18.6	-0.00002413929838468759
18.4	-0.000026174077360460605
18.2	-0.000028408651001702506
18.	-0.00003086516593825198
17.8	-0.00003356907313190409
17.6	-0.00003654845175991212
17.4	-0.0000398355633168019
17.2	-0.00004346644550234179
17.	-0.000047482110090389364
16.8	-0.00005192877874703878
16.6	-0.00005685905223996356
16.4	-0.00006233308891375722
16.2	-0.00006841786526471832
16.	-0.00007519138944112469
15.8	-0.00008274176190883909
15.6	-0.00009116941842071777
15.4	-0.00010058942563852902
15.2	-0.00011113357392299533
15.	-0.0001229525082691806
14.8	-0.00013621961985276388
14.6	-0.00015113335732534506
14.4	-0.00016792268348902377
14.2	-0.00018685036937979917
14.	-0.0002082201465925499
13.8	-0.0002323818049225413
13.6	-0.00025973925975169437
13.4	-0.00029075885665961495
13.2	-0.00032598078230045377
13.	-0.0003660291367181396
12.8	-0.0004116266990923199
12.6	-0.00046360994360145275
12.4	-0.0005229481251837574
12.2	-0.0005907650959869635
12.	-0.0006683539844894157
11.8	-0.0007572251326366606
11.6	-0.0008591149020217344
11.4	-0.0009760332980930021
11.2	-0.0011103008769753002
11.	-0.0012645925398356644
10.8	-0.0014419872111890216
10.6	-0.0016460226776310995
10.4	-0.0018807552738757728
10.2	-0.002150827628857427
10.	-0.0024615246383217484
30.	-7.202098466741886e-7
30.2	-6.857952460762383e-7
30.4	-6.532445423410298e-7
30.6	-6.223377888245433e-7
30.8	-5.931015147442097e-7
31.	-5.653532258762713e-7
31.2	-5.390645549463081e-7
31.4	-5.141174325379544e-7
31.6	-4.904571254827166e-7
31.8	-4.6798862448863926e-7
32.	-4.4665421656963256e-7
32.2	-4.2637947014383283e-7
32.4	-4.071438863370353e-7
32.6	-3.888528636883591e-7
32.8	-3.7145780848577584e-7
33.	-3.5491825670740897e-7
33.2	-3.3919069339136155e-7
33.4	-3.242207230143531e-7
33.6	-3.0985807896559073e-7
33.8	-2.9640903761257104e-7
34.	-2.834974470911932e-7
34.2	-2.7117656666922285e-7
34.4	-2.5947857023193757e-7
34.6	-2.482921940285158e-7
34.8	-2.3767252768891428e-7
35.	-2.2752039878772969e-7
35.2	-2.1783556727582835e-7
35.4	-2.0859867910406454e-7
35.6	-1.9975841975300196e-7
35.8	-1.9135053942373959e-7
36.	-1.8335540137901245e-7
36.2	-1.756611245161603e-7
36.4	-1.6837982829707062e-7
36.6	-1.6135540514257554e-7
36.8	-1.546995272613149e-7
37.	-1.4828916032614803e-7
37.2	-1.4216950531841336e-7
37.4	-1.3638100606869242e-7
37.6	-1.3078196828912173e-7
37.8	-1.2544963789717836e-7
38.	-1.2034293769385261e-7
38.2	-1.154624848908753e-7
38.4	-1.1079132744997494e-7
38.6	-1.0632085558037626e-7
38.8	-1.0203174195386292e-7
39.	-9.794295907641283e-8
39.2	-9.401931433316343e-8
39.4	-9.026117436740012e-8
39.6	-8.666337874670717e-8
39.8	-8.322068851955185e-8
40.	-7.991009569242628e-8
40.2	-7.673907988831076e-8
40.4	-7.369438996880277e-8
40.6	-7.079149993428691e-8
40.8	-6.799321625828264e-8
41.	-6.531583599028958e-8
41.2	-6.27487482061683e-8
41.4	-6.029319898575337e-8
41.6	-5.79220874010558e-8
41.8	-5.566515224362751e-8
42.	-5.3487930778397404e-8
42.2	-5.139076767078885e-8
42.4	-4.93943508168201e-8
42.6	-4.7462747786944193e-8
42.8	-4.56264023081397e-8
43.	-4.3846978347986217e-8
43.2	-4.214867984987366e-8
43.4	-4.0499568834546557e-8
43.6	-3.8926757906660997e-8
43.8	-3.745141229834943e-8
44.	-3.5963208274206174e-8
44.2	-3.4570267461859816e-8
44.4	-3.3229698386767496e-8
44.6	-3.194037553792317e-8
44.8	-3.070185883858966e-8
45.	-2.9512137279376537e-8
45.2	-2.8370820753695795e-8
45.4	-2.726524447232888e-8
45.6	-2.6208456796013e-8
45.8	-2.5188570163718912e-8
46.	-2.4209611178681516e-8
46.2	-2.326809584780111e-8
46.4	-2.2361024220843534e-8
46.6	-2.1489581474730588e-8
46.8	-2.0653137383003874e-8
47.	-1.9843062522951092e-8
47.2	-1.906647593847945e-8
47.4	-1.8319070992030296e-8
47.6	-1.75999241251233e-8
47.8	-1.690336485521004e-8
48.	-1.6239999346017613e-8
48.2	-1.5598484171545947e-8
48.4	-1.4980964482608925e-8
48.6	-1.4384112818663388e-8
48.8	-1.3811336805671463e-8
49.	-1.3261680701825299e-8
49.2	-1.2728766599698442e-8
49.4	-1.2219345924635213e-8
49.6	-1.1729262467912185e-8
49.8	-1.1250853999082495e-8
50.	-1.0796309885077069e-8
50.2	-1.0355620771359689e-8
50.4	-9.931659678217221e-9
50.6	-9.522014759526468e-9
50.8	-9.129920998000082e-9
51.	-8.75137327165227e-9
51.2	-8.385006234732425e-9
51.4	-8.034270755916215e-9
51.6	-7.695462786599266e-9
51.8	-7.368958296684204e-9
52.	-7.053101397884894e-9
52.2	-6.7504914097157164e-9
52.4	-6.458569462743452e-9
52.6	-6.177911791058455e-9
52.8	-5.90598129491497e-9
53.	-5.645849946278139e-9
53.2	-5.393050481891782e-9
53.4	-5.150595046983733e-9
53.6	-4.916820056272173e-9
53.8	-4.692166206815722e-9
54.	-4.4751107950411715e-9
54.2	-4.265404136096769e-9
54.4	-4.064407928760349e-9
54.6	-3.869948164864929e-9
54.8	-3.682754571314069e-9
55.	-3.5023116918942386e-9
55.2	-3.329392591316487e-9
55.4	-3.1613816863308286e-9
55.6	-2.9996718353091714e-9
55.8	-2.8445144698559146e-9
56.	-2.6947748173033876e-9
56.2	-2.5505642198921093e-9
56.4	-2.4115096352652547e-9
56.6	-2.2778187963407407e-9
56.8	-2.14883941005861e-9
57.	-2.0246262473527965e-9
57.2	-1.9049882642012013e-9
57.4	-1.7897673895326821e-9
57.6	-1.6788041022256964e-9
57.8	-1.571868030180433e-9
58.	-1.4688549566039346e-9
58.2	-1.3699453589802563e-9
58.4	-1.2743888784344647e-9
58.6	-1.1824422054695947e-9
58.8	-1.09419463260359e-9
59.	-1.0090463967832818e-9
59.2	-9.273079864569265e-10
59.4	-8.484164215860463e-10
59.6	-7.725672499129632e-10
59.8	-6.996006156623937e-10
60.	-6.288990436390093e-10