45.	-4.301909739273943e-10
44.8	-4.4310000321741727e-10
44.6	-4.563061567654594e-10
44.4	-4.682970194173635e-10
44.2	-4.798447346997458e-10
44.	-4.98931378421077e-10
43.8	-5.142465236987137e-10
43.6	-5.301029993020026e-10
43.4	-5.464849955680091e-10
43.2	-5.634622941927598e-10
43.	-5.812572579717146e-10
42.8	-5.996324478205808e-10
42.6	-6.181176070115449e-10
42.4	-6.385408382834293e-10
42.2	-6.590904495606128e-10
42.	-6.789304692226143e-10
41.8	-6.988977350978535e-10
41.6	-7.258392025181136e-10
41.4	-7.497900358104138e-10
41.2	-7.747958171887623e-10
41.	-8.006957148633467e-10
40.8	-8.27807696265247e-10
40.6	-8.558970119799421e-10
40.4	-8.851345926142645e-10
40.2	-9.157144942303672e-10
40.	-9.47169324541346e-10
39.8	-9.799223853467622e-10
39.6	-9.778685199632557e-10
39.4	-1.0509968035531932e-9
39.2	-1.0885146355841513e-9
39.	-1.1276389171790277e-9
38.8	-1.168389594315349e-9
38.6	-1.211061125937445e-9
38.4	-1.2555767210827819e-9
38.2	-1.3019247121097513e-9
38.	-1.3493723579804762e-9
37.8	-1.4013073407944887e-9
37.6	-1.454112927565775e-9
37.4	-1.509613578823962e-9
37.2	-1.5675190916953413e-9
37.	-1.6282873809108159e-9
36.8	-1.6917415372130937e-9
36.6	-1.7582065573746105e-9
36.4	-1.8303668871623412e-9
36.2	-1.9010561774571823e-9
36.	-1.9757449958273134e-9
35.8	-2.057277112866444e-9
35.6	-2.1413721773222056e-9
35.4	-2.229846480088219e-9
35.2	-2.322247328269857e-9
35.	-2.4193917002122392e-9
34.8	-2.5215419895059833e-9
34.6	-2.628980539799658e-9
34.4	-2.7415982416086667e-9
34.2	-2.860974735517494e-9
34.	-2.9845811826390506e-9
33.8	-3.116629143434842e-9
33.6	-3.2553571965078876e-9
33.4	-3.4005777258361774e-9
33.2	-3.5541685831132065e-9
33.	-3.716895056294042e-9
32.8	-3.8868722067524235e-9
32.6	-4.066395409997154e-9
32.4	-4.257106153210157e-9
32.2	-4.463424614214116e-9
32.	-4.671320299758092e-9
31.8	-4.894413903814923e-9
31.6	-5.133254702554076e-9
31.4	-5.384187478249178e-9
31.2	-5.650284325755588e-9
31.	-5.932119754142658e-9
30.8	-6.229604280303414e-9
30.6	-6.546129903922627e-9
30.4	-6.8813661115854195e-9
30.2	-7.239775971962648e-9
30.	-7.615052184306659e-9
29.8	-8.020869610312313e-9
29.6	-8.448596141049169e-9
29.4	-8.902708910217408e-9
29.2	-9.388305305955284e-9
29.	-9.904346869930652e-9
28.8	-1.0454218310475722e-8
28.6	-1.104072838140011e-8
28.4	-1.1658333762172382e-8
28.2	-1.2334352730146885e-8
28.	-1.3048236104720274e-8
27.8	-1.3811377532750443e-8
27.6	-1.4623088780109464e-8
27.4	-1.5501999349304835e-8
27.2	-1.643826577940205e-8
27.	-1.7441634131221157e-8
26.8	-1.8516874937787815e-8
26.6	-1.9674136185645897e-8
26.4	-2.091203455348982e-8
26.2	-2.2250400680714017e-8
26.	-2.368744365199888e-8
25.8	-2.5233161527167783e-8
25.6	-2.6899764884220695e-8
25.4	-2.8696730773605556e-8
25.2	-3.063608147036443e-8
25.	-3.2732324034654105e-8
24.8	-3.4997778033567316e-8
24.6	-3.744908529701236e-8
24.4	-4.010563644998689e-8
24.2	-4.2981645288082864e-8
24.	-4.6102851837579604e-8
23.8	-4.949020615742211e-8
23.6	-5.31806946122386e-8
23.4	-5.7175701617970075e-8
23.2	-6.15582195556891e-8
23.	-6.631866766921663e-8
22.8	-7.151512579440566e-8
22.6	-7.718881400095481e-8
22.4	-8.336527773806014e-8
22.2	-9.018785446830476e-8
22.	-9.76481546191305e-8
21.8	-1.0580084578641067e-7
21.6	-1.1477091879232052e-7
21.4	-1.246353400236628e-7
21.2	-1.3549574625613304e-7
21.	-1.4746733725004625e-7
20.8	-1.6067245214840917e-7
20.6	-1.7527139056529546e-7
20.4	-1.9141838471414602e-7
20.2	-2.0930257741748973e-7
20.	-2.291450706710659e-7
19.8	-2.511799623145079e-7
19.6	-2.7568854244039944e-7
19.4	-3.029875806988499e-7
19.2	-3.334322134620203e-7
19.	-3.674390638347883e-7
18.8	-4.0548058052790644e-7
18.6	-4.480981856638669e-7
18.4	-4.958591232325095e-7
18.2	-5.496557349714084e-7
18.	-6.101439616192423e-7
17.8	-6.783411387987197e-7
17.6	-7.55353694499376e-7
17.4	-8.424736770343184e-7
17.2	-9.411955822760553e-7
17.	-1.0532648424993673e-6
16.8	-1.180711075865598e-6
16.6	-1.3259101992877438e-6
16.4	-1.4916465110888708e-6
16.2	-1.681187797410721e-6
16.	-1.8983664463711838e-6
15.8	-2.1477177036325262e-6
15.6	-2.434572645578066e-6
15.4	-2.7652647170161125e-6
15.2	-3.147271070219572e-6
15.	-3.5895232530425567e-6
14.8	-4.102608103103125e-6
14.6	-4.699202168305991e-6
14.4	-5.394465264999301e-6
14.2	-6.206553998423701e-6
14.	-7.157304985380115e-6
13.8	-8.273046052600613e-6
13.6	-9.585523722875515e-6
13.4	-0.000011133182919894973
13.2	-0.000012962679639177192
13.	-0.000015130719718542704
12.8	-0.000017706414893393756
12.6	-0.00002077422124146777
12.4	-0.00002443749968184273
12.2	-0.00002882308716473907
12.	-0.00003408697419698253
11.8	-0.00004042133100262357
11.6	-0.000048063421707441486
11.4	-0.00005730673511322798
11.2	-0.00006851483952397261
11.	-0.00008213889003783867
10.8	-0.00009873921606188917
10.6	-0.00011901280673754166
10.4	-0.00014382683539365427
10.2	-0.000174260659319708
10.	-0.00021165720921604276
45.	-4.301909739273943e-10
45.2	-4.1789305561918326e-10
45.4	-4.011274247051594e-10
45.6	-3.9182492125073885e-10
45.8	-3.8099837138991366e-10
46.	-3.726667660798993e-10
46.2	-3.622767712874931e-10
46.4	-3.5224177164626105e-10
46.6	-3.4253557513602853e-10
46.8	-3.3313768266218713e-10
47.	-3.231301348544896e-10
47.2	-3.1527881555845095e-10
47.4	-3.067997906458579e-10
47.6	-2.9857029606442905e-10
47.8	-2.9779630658792185e-10
48.	-2.8289344862760346e-10
48.2	-2.7544420343394496e-10
48.4	-2.682578294402042e-10
48.6	-2.612314178154192e-10
48.8	-2.5446046995612096e-10
49.	-2.4790389153982685e-10
49.2	-2.4148153327044334e-10
49.4	-2.2351265235521655e-10
49.6	-2.2941119539673775e-10
49.8	-2.2245436815917685e-10
50.	-2.1725698824965839e-10
50.2	-2.0679999993808633e-10
50.4	-2.0726464523364443e-10
50.6	-1.7688945226649259e-10
50.8	-1.9716370227522545e-10
51.	-1.9230720303735506e-10
51.2	-1.8762171222379785e-10
51.4	-1.830940260511555e-10
51.6	-1.786464271511219e-10
51.8	-1.7128127059598185e-10
52.	-1.7050574964166316e-10
52.2	-1.6613927840204503e-10
52.4	-1.6221087432518776e-10
52.6	-1.5845583888965956e-10
52.8	-1.54668796759603e-10
53.	-1.510854428249515e-10
53.2	-1.475851152759346e-10
53.4	-1.4330330972228323e-10
53.6	-1.3989734242919732e-10
53.8	-1.2131759957693254e-10
54.	-1.34113516817023e-10
54.2	-1.3144791135372446e-10
54.4	-1.2848711452791552e-10
54.6	-1.2559569912942155e-10
54.8	-1.2277258425853892e-10
55.	-1.2005232143223597e-10
55.2	-1.1659626509091545e-10
55.4	-1.1482953554851585e-10
55.6	-1.122909749608757e-10
55.8	-1.0984905210323015e-10
56.	-1.0744913014491812e-10
56.2	-1.0510953879206596e-10
56.4	-1.0286423157239126e-10
56.6	-1.0065517781126014e-10
56.8	-9.850719306312044e-11
57.	-9.641774734220872e-11
57.2	-8.832326607076563e-11
57.4	-9.238223024077249e-11
57.6	-9.044259504092985e-11
57.8	-8.856199253696537e-11
58.	-8.671395980205582e-11
58.2	-1.1531243008560373e-10
58.4	-8.306056239620677e-11
58.6	-8.145778430175937e-11
58.8	-7.979828929885247e-11
59.	-7.815808980577538e-11
59.2	-7.73960057887863e-11
59.4	-7.504948478574074e-11
59.6	-7.353194111995276e-11
59.8	-7.057631487728375e-11
60.	-7.078451267300099e-11
60.2	-6.920993628995913e-11
60.4	-7.533437719927861e-11
60.6	-6.661137779606997e-11
60.8	-6.521393356273787e-11
61.	-6.393463195128421e-11
61.2	-6.264959335715988e-11
61.4	-6.147025554247183e-11
61.6	-6.030473411305992e-11
61.8	-5.912156094259045e-11
62.	-6.099320720290934e-11
62.2	-5.7008892204443445e-11
62.4	-5.581952191750177e-11
62.6	-5.475788600219203e-11
62.8	-5.3721872700787594e-11
63.	-5.272003983012332e-11
63.2	-5.173409694238052e-11
63.4	-5.0765343872246074e-11
63.6	-4.9830907028867735e-11
63.8	-4.890593466785382e-11
64.	-4.7320779934059264e-11
64.2	-4.712636017764184e-11
64.4	-4.675854196646794e-11
64.6	-4.5427920607348705e-11
64.8	-4.459994323291948e-11
65.	-4.379646972165744e-11
65.2	-4.30235615314654e-11
65.4	-4.2239289999844036e-11
65.6	-4.1485276156285596e-11
65.8	-4.0759850803726753e-11
66.	-4.0026780205306944e-11
66.2	-3.9319339738262735e-11
66.4	-3.862480656222706e-11
66.6	-3.770542931075013e-11
66.8	-3.734873358885969e-11
67.	-3.663658570366068e-11
67.2	-3.6004860164894235e-11
67.4	-3.538270640061533e-11
67.6	-3.4770870558496754e-11
67.8	-3.4177457035357884e-11
68.	-3.35901430886558e-11
68.2	-3.299499134461053e-11
68.4	-3.245747278028228e-11
68.6	-3.19115356946236e-11
68.8	-3.1369058904625775e-11
69.	-3.084519085608302e-11
69.2	-3.033883839232433e-11
69.4	-2.959132486463604e-11
69.6	-2.932842039423413e-11
69.8	-2.8847603779754673e-11
70.	-2.836432566364068e-11
70.2	-2.7897853688885708e-11
70.4	-2.7440832082072986e-11
70.6	-2.699662489795427e-11
70.8	-2.8874733853430102e-11
71.	-2.612828326662434e-11
71.2	-2.570373547813851e-11
71.4	-2.5286698941936773e-11
71.6	-2.4881468965417967e-11
71.8	-2.448516794663944e-11
72.	-2.409028915926845e-11
72.2	-2.3713775562272725e-11
72.4	-2.3342480243181278e-11
72.6	-2.296535899993403e-11
72.8	-2.2608394829340398e-11
73.	-2.2253525291197073e-11
73.2	-1.2041673226925402e-11
73.4	-2.1572458720124284e-11
73.6	-2.1222652935867658e-11
73.8	-2.0885080514503018e-11
74.	-2.0583548160351186e-11
74.2	-2.0257851912687326e-11
74.4	-1.9950652976386997e-11
74.6	-1.9635787212361246e-11
74.8	-1.9288356941905368e-11
75.	-1.9049610127018865e-11
75.2	-1.8761065054782633e-11
75.4	-1.848205648011423e-11
75.6	-1.8199920297784298e-11
75.8	-1.792705440083069e-11
76.	-1.766246190570991e-11
76.2	-1.739611808436248e-11
76.4	-1.7137541635267412e-11
76.6	-1.688910524197714e-11
76.8	-1.6634602909118897e-11
77.	-1.639364661696284e-11
77.2	-1.6149140755581725e-11
77.4	-1.5917761393935905e-11
77.6	-1.9162902836213066e-11
77.8	-1.5362212024991517e-11
78.	-1.5230430922612396e-11
78.2	-1.503904921582998e-11
78.4	-1.4798375592601072e-11
78.6	-1.4580379604257385e-11
78.8	-1.4359306826264097e-11
79.	-1.1508968754433955e-11
79.2	-1.337209119644213e-11
79.4	-1.3765032856219393e-11
79.6	-1.3571380728407446e-11
79.8	-1.3380326001488776e-11
80.	-1.3193982479284121e-11