45.	0.31490731474349576
44.8	0.31503210345274024
44.6	0.3151584491316336
44.4	0.3152863772616467
44.2	0.3154159144539433
44.	0.31554708705977524
43.8	0.31567992290502433
43.6	0.31581444960397365
43.4	0.3159506957102127
43.2	0.31608869062829476
43.	0.3162284637045822
42.8	0.3163700454397764
42.6	0.31651346691855314
42.4	0.31665875967656504
42.2	0.31680595618160956
42.	0.3169550893355327
41.8	0.3171061929247306
41.6	0.3172593014372818
41.4	0.3174144499778797
41.2	0.31757167470484243
41.	0.3177310122275116
40.8	0.3178925002744295
40.6	0.318056177065395
40.4	0.3182220821454805
40.2	0.3183902553224748
40.	0.31856073782889976
39.8	0.3187335715512031
39.6	0.3189087994372663
39.4	0.31908646519757755
39.2	0.3192666138922198
39.	0.3194492913635589
38.8	0.31963454438405264
38.6	0.31982242114532833
38.4	0.32001297072652013
38.2	0.3202062432710347
38.	0.3204022904100294
37.8	0.3206011646684031
37.6	0.32080291995434634
37.4	0.3210076113343749
37.2	0.32121529526854337
37.	0.32142602963788447
36.8	0.3216398737358365
36.6	0.3218568879122752
36.4	0.3220771342765558
36.2	0.32230067649275507
36.	0.3225275798063961
35.8	0.3227579104572321
35.6	0.32299173724848634
35.4	0.32322912991970143
35.2	0.3234701604993078
35.	0.3237149022595972
34.8	0.32396343081302925
34.6	0.3242158231722944
34.4	0.3244721588733729
34.2	0.32473251889506427
34.	0.3249969868459795
33.8	0.32526564769631666
33.6	0.32553858955201004
33.4	0.32581590202446525
33.2	0.3260976773072008
33.	0.326384010206776
32.8	0.3266749978552946
32.6	0.3269707395424633
32.4	0.3272713379294577
32.2	0.32757689800450135
32.	0.32788752717704556
31.8	0.3282033365500676
31.6	0.32852443964024386
31.4	0.3288509532351599
31.2	0.3291829973510847
31.	0.3295206946737068
30.8	0.3298641723475195
30.6	0.3302135602411864
30.4	0.3305689919849311
30.2	0.3309306052667796
30.	0.33129854070995773
29.8	0.3316729439019534
29.6	0.33205396405998566
29.4	0.33244175502467144
29.2	0.33283647407776185
29.	0.33323828457509946
28.8	0.33364735260192013
28.6	0.3340638509617276
28.4	0.3344879563954371
28.2	0.3349198511487369
28.	0.3353597220959781
27.8	0.3358077630958384
27.6	0.3362641726411834
27.4	0.33672915539932397
27.2	0.33720292229193577
27.	0.33768569034309504
26.8	0.3381776836171007
26.6	0.3386791327236062
26.4	0.3391902754409695
26.2	0.339711355846744
26.	0.34024262743440287
25.8	0.34078435034576615
25.6	0.34133679307580245
25.4	0.3419002325329911
25.2	0.34247495428302216
25.	0.3430612533933914
24.8	0.3436594339989878
24.6	0.34426980957982467
24.4	0.3448927044645073
24.2	0.3455284532655205
24.	0.34617740096313776
23.8	0.34683990457894875
23.6	0.3475163320992327
23.4	0.3482070640147098
23.2	0.3489124942787271
23.	0.3496330287186489
22.8	0.3503690870938309
22.6	0.35112110370917443
22.4	0.35188952701369863
22.2	0.35267482097289565
22.	0.3534774659633575
21.8	0.35429795853003604
21.6	0.35513681156393967
21.4	0.35599455661612367
21.2	0.3568717436079161
21.	0.357768942120585
20.8	0.35868674080369284
20.6	0.3596257498013904
20.4	0.36058660078224086
20.2	0.3615699481495818
20.	0.36257646911328323
19.8	0.3636068665302944
19.6	0.3646618670369736
19.4	0.36574222417890717
19.2	0.3668487204203903
19.	0.36798216485418894
18.8	0.36914339663742424
18.6	0.3703332865829446
18.4	0.37155273704108815
18.2	0.372802684391818
18.	0.3740840990779016
17.8	0.3753979878393397
17.6	0.3767453958348755
17.4	0.3781274062221151
17.2	0.37954514314977167
17.	0.3809997725244237
16.8	0.38249250541321633
16.6	0.384024596820804
16.4	0.38559734895412434
16.2	0.38721211366424024
16.	0.3888702930256074
15.8	0.39057334071100874
15.6	0.3923227660656319
15.4	0.39412013248627104
15.2	0.3959670616426616
15.	0.3978652352179578
14.8	0.39981639505773675
14.6	0.40182234524191823
14.4	0.4038849538179341
14.2	0.4060061542877896
14.	0.4081879459482476
13.8	0.4104323950557848
13.6	0.41274163541532805
13.4	0.4151178675068009
13.2	0.417563359301122
13.	0.4200804440379202
12.8	0.42267151935545727
12.6	0.42533904380100007
12.4	0.4280855328886529
12.2	0.43091355463473485
12.	0.4338257231221957
11.8	0.43682468920877476
11.6	0.43991313074621147
11.4	0.44309374021979775
11.2	0.4463692087011254
11.	0.44974220784985786
10.8	0.4532153679307001
10.6	0.4567912525674328
10.4	0.4604723290772266
10.2	0.4642609356878323
10.	0.46815924377849427
45.	0.31490731474349576
45.2	0.3147840575008444
45.4	0.31466230722167987
45.6	0.31454203955479876
45.8	0.3144232308392961
46.	0.3143058578159684
46.2	0.31418989760842914
46.4	0.31407532775019353
46.6	0.3139621264410001
46.8	0.31385027208608346
47.	0.31373974371512386
47.2	0.3136305204799267
47.4	0.31352258225035
47.6	0.31341590907478867
47.8	0.313310481282937
48.	0.31320628004558854
48.2	0.31310328626004563
48.4	0.3130014816878946
48.6	0.31290084818079617
48.8	0.3128013680222758
49.	0.31270302372086944
49.2	0.3126057982797523
49.4	0.31250967499429266
49.6	0.3124146372767733
49.8	0.3123206691041011
50.	0.31222775453779866
50.2	0.3121358779753884
50.4	0.3120450241001966
50.6	0.3119551779768472
50.8	0.31186632520823676
51.	0.311778450797558
51.2	0.3116915405526122
51.4	0.3116055808787738
51.6	0.3115205579258662
51.8	0.31143645822578947
52.	0.3113532686487832
52.2	0.3112709759330002
52.4	0.31118956754844906
52.6	0.31110903097087
52.8	0.3110293539951345
53.	0.3109505241404982
53.2	0.3108725299043766
53.4	0.3107953593538752
53.6	0.31071900120219687
53.8	0.3106434439720436
54.	0.31056867681968064
54.2	0.31049468866194563
54.4	0.3104214688277738
54.6	0.3103490066725257
54.8	0.31027729223782646
55.	0.3102063149878576
55.2	0.3101360648593777
55.4	0.3100665323234107
55.6	0.3099977075643594
55.8	0.3099295811636694
56.	0.3098621435107045
56.2	0.30979538570667403
56.4	0.30972929848420383
56.6	0.30966387307732257
56.8	0.3095991007170702
57.	0.3095349728960356
57.2	0.3094714809130662
57.4	0.3094086164377487
57.6	0.3093463715384821
57.8	0.309284738001683
58.	0.3092237080250878
58.2	0.30916327355895673
58.4	0.3091034270977889
58.6	0.30904416090582826
58.8	0.30898546791835463
59.	0.308927340459338
59.2	0.308869771404506
59.4	0.3088127537381354
59.6	0.3087562804983649
59.8	0.3087003448814315
60.	0.3086449398191428
60.2	0.30859005906805004
60.4	0.3085356958451396
60.6	0.30848184359795633
60.8	0.3084284961421984
61.	0.30837564721816435
61.2	0.30832329062805297
61.4	0.30827142027979315
61.6	0.3082200303272486
61.8	0.3081691147678691
62.	0.30811866773994845
62.2	0.3080686838661969
62.4	0.3080191571300359
62.6	0.3079700823751565
62.8	0.307921453789906
63.	0.30787326632341633
63.2	0.30782551439845723
63.4	0.30777819304144893
63.6	0.3077312970333952
63.8	0.3076848213211866
64.	0.3076387609477616
64.2	0.3075931109882314
64.4	0.3075478664919356
64.6	0.3075030228711519
64.8	0.3074585753593823
65.	0.3074145193051408
65.2	0.3073708502053363
65.4	0.3073275635130935
65.6	0.30728465479902256
65.8	0.3072421197322554
66.	0.307199953977657
66.2	0.30715815333541313
66.4	0.30711671361355497
66.6	0.3070756305822788
66.8	0.30703490040081727
67.	0.3069945187464365
67.2	0.3069544819319862
67.4	0.30691478598364397
67.6	0.3068754270566616
67.8	0.30683640136470514
68.	0.3067977051765373
68.2	0.3067593348430743
68.4	0.3067212866275011
68.6	0.30668355703615424
68.8	0.3066461425648293
69.	0.3066090396671241
69.2	0.3065722449299397
69.4	0.30653575496811203
69.6	0.3064995664797038
69.8	0.3064636760420015
70.	0.3064280805290444
70.2	0.3063927766964998
70.4	0.30635776137458814
70.6	0.3063230314433588
70.8	0.3062885838916943
71.	0.30625441548191706
71.2	0.30622052349598566
71.4	0.306186904663575
71.6	0.3061535563989865
71.8	0.3061204754869884
72.	0.3060876593376287
72.2	0.3060551051422509
72.4	0.3060228098856493
72.6	0.3059907711020776
72.8	0.3059589859901315
73.	0.3059274519752498
73.2	0.3058961662754101
73.4	0.3058651263935519
73.6	0.30583432967773455
73.8	0.3058037737577964
74.	0.3057734561500141
74.2	0.3057433741519045
74.4	0.3057135255499094
74.6	0.3056839079406655
74.8	0.3056545189564242
75.	0.3056253560628465
75.2	0.3055964171816417
75.4	0.30556769993347654
75.6	0.3055392021315104
75.8	0.3055109214953205
76.	0.3054828559178145
76.2	0.30545500309462287
76.4	0.30542736090878225
76.6	0.3053999274322619
76.8	0.30537270030328767
77.	0.3053456776530386
77.2	0.30531885746939635
77.4	0.30529223762094115
77.6	0.30526581627813654
77.8	0.30523959125805566
78.	0.30521356072414946
78.2	0.30518772287218265
78.4	0.30516207572709914
78.6	0.30513661741689596
78.8	0.30511134615774377
79.	0.3050862600202372
79.2	0.30506135731118733
79.4	0.30503663612059134
79.6	0.3050120948418355
79.8	0.30498773168187643
80.	0.30496354493125805