# pos     time      freq       fta
   24     12.484  0.0801051  3.932e-04
   41     20.972  0.0476816  3.709e-04
   59     29.961  0.0333771  2.214e-04
   75     37.950  0.0263504  9.699e-05
   92     46.439  0.0215336  2.477e-05
  110     55.427  0.0180417  6.670e-06
  121     60.920  0.0164150  1.424e-06
  125     62.917  0.0158939  1.654e-06
  129     64.915  0.0154048  1.174e-06
  133     66.912  0.0149450  5.112e-07
  137     68.909  0.0145118  2.817e-07
  140     70.407  0.0142030  3.303e-07
  144     72.405  0.0138112  2.466e-07
  149     74.902  0.0133509  1.698e-07
  152     76.400  0.0130891  1.414e-07
  156     78.397  0.0127556  1.508e-07
  160     80.394  0.0124387  1.428e-07
  165     82.891  0.0120640  1.309e-07
  170     85.388  0.0117113  1.240e-07
  175     87.885  0.0113786  1.200e-07
 2225   1111.539  0.0008997  1.200e-07
 2230   1114.036  0.0008976  1.240e-07
 2235   1116.533  0.0008956  1.309e-07
 2240   1119.029  0.0008936  1.428e-07
 2244   1121.027  0.0008920  1.508e-07
 2248   1123.024  0.0008905  1.414e-07
 2251   1124.522  0.0008893  1.698e-07
 2256   1127.019  0.0008873  2.466e-07
 2260   1129.016  0.0008857  3.303e-07
 2263   1130.514  0.0008846  2.817e-07
 2267   1132.512  0.0008830  5.112e-07
 2271   1134.509  0.0008814  1.174e-06
 2275   1136.506  0.0008799  1.654e-06
 2279   1138.504  0.0008783  1.424e-06
 2290   1143.997  0.0008741  6.670e-06
 2308   1152.985  0.0008673  2.477e-05
 2325   1161.474  0.0008610  9.699e-05
 2341   1169.463  0.0008551  2.214e-04
 2359   1178.451  0.0008486  3.709e-04
 2376   1186.940  0.0008425  3.932e-04
