# pos     time      freq       fta
   22     45.940  0.0366057  3.305e-04
   32     65.913  0.0532446  8.428e-04
   43     87.885  0.0715474  1.111e-05
   53    107.858  0.0881864  3.394e-04
   63    127.832  0.1048253  5.181e-05
   73    147.806  0.1214642  9.092e-05
   83    167.779  0.1381032  4.634e-05
   93    187.753  0.1547421  9.802e-06
  102    205.730  0.1697171  1.094e-05
  111    223.706  0.1846922  1.445e-08
  123    247.674  0.2046589  4.826e-07
  152    305.598  0.2529118  2.252e-08
  177    355.533  0.2945092  9.106e-10
  202    405.467  0.3361065  2.496e-10
  399    798.950 -0.3361065  2.496e-10
  424    848.884 -0.2945092  9.106e-10
  449    898.819 -0.2529118  2.252e-08
  478    956.743 -0.2046589  4.826e-07
  490    980.711 -0.1846922  1.445e-08
  499    998.687 -0.1697171  1.094e-05
  508   1016.664 -0.1547421  9.802e-06
  518   1036.638 -0.1381032  4.634e-05
  528   1056.611 -0.1214642  9.092e-05
  538   1076.585 -0.1048253  5.181e-05
  548   1096.559 -0.0881864  3.394e-04
  558   1116.533 -0.0715474  1.111e-05
  569   1138.504 -0.0532446  8.428e-04
  579   1158.477 -0.0366057  3.305e-04
