5.	6.437784473390019e-7
4.95	6.139514187768057e-7
4.9	5.851662623462198e-7
4.85	5.573976059094432e-7
4.8	5.306225333095135e-7
4.75	5.04817917268063e-7
4.699999999999999	4.79956459761109e-7
4.6499999999999995	4.560222810412721e-7
4.6000000000000005	4.3298914034388343e-7
4.55	4.108404771251357e-7
4.5	3.895558684188075e-7
4.45	3.6907654967110303e-7
4.4	3.494317264040967e-7
4.35	3.305775451699959e-7
4.3	3.124963720351071e-7
4.25	2.951689537213342e-7
4.2	2.7855273398263056e-7
4.1499999999999995	2.626386423053712e-7
4.1000000000000005	2.474192012670687e-7
4.050000000000001	2.3284616014276094e-7
4.	2.1891697422716308e-7
3.95	2.055932253403982e-7
3.9000000000000004	1.928694743254044e-7
3.85	1.807112064217331e-7
3.8	1.690961345969209e-7
3.75	1.579951592365724e-7
3.7	1.4738316508057378e-7
3.65	1.3725578650729538e-7
3.5999999999999996	1.275686397155422e-7
3.55	1.182778179945752e-7
3.5	1.0937906266243108e-7
3.4499999999999997	1.0074708349629334e-7
3.3999999999999995	9.260943664768672e-8
3.3499999999999996	8.467772226398962e-8
3.3	7.699088849708157e-8
3.25	6.952136900886627e-8
3.2	6.222779025452705e-8
3.15	5.5062024160243845e-8
3.1	4.798207966803033e-8
3.05	4.093110795727443e-8
3.	3.386120660608324e-8
2.95	2.6706475852261914e-8
2.9000000000000004	1.9425738962112922e-8
2.8500000000000005	1.1934271896521697e-8
2.8000000000000003	4.1554356650616625e-9
2.75	-3.988484769563392e-9
2.7	-1.2264069576137681e-8
2.6500000000000004	-2.1771312402573796e-8
2.6	-3.154848087197886e-8
2.55	-4.213373959904119e-8
2.5	-5.362116598725173e-8
2.45	-6.612273421528022e-8
2.4	-7.981023180201157e-8
2.3499999999999996	-9.4828358723439e-8
2.3	-1.1136393332616608e-7
2.25	-1.2962290111450944e-7
2.1999999999999997	-1.4975764491530877e-7
2.1500000000000004	-1.7211953336916796e-7
2.1	-1.9673620008214627e-7
2.0500000000000003	-2.2400609478830378e-7
2.	-2.5423090404945637e-7
1.9500000000000002	-2.8768852399956404e-7
1.9	-3.247057888477203e-7
1.85	-3.6564871293970146e-7
1.7999999999999998	-4.1091376813593495e-7
1.75	-4.608942018210079e-7
1.6999999999999997	-5.160352495060752e-7
1.65	-5.768335195751406e-7
1.5999999999999996	-6.438069163026819e-7
1.5500000000000003	-7.175077634156697e-7
1.5000000000000002	-7.984986517963717e-7
1.4500000000000002	-8.874411934246765e-7
1.4000000000000001	-9.850499440717397e-7
1.35	-1.0918736177725472e-6
1.3	-1.2090537439154607e-6
1.25	-1.337098837763901e-6
1.2	-1.476954126292991e-6
1.15	-1.6296201176245911e-6
1.0999999999999999	-1.7960021306199584e-6
1.0499999999999998	-1.977316615832951e-6
0.9999999999999998	-2.1745265653778057e-6
0.9499999999999997	-2.38890109903059e-6
0.9000000000000002	-2.6217125520840155e-6
0.8500000000000002	-2.874294012111063e-6
0.8000000000000002	-3.1480886883435058e-6
0.7500000000000001	-3.4445949849752255e-6
0.7000000000000001	-3.7654299119162543e-6
0.65	-4.112276033343196e-6
0.6	-4.486916756568962e-6
0.5499999999999999	-4.891251622268197e-6
0.4999999999999999	-5.3272858387639054e-6
0.44999999999999984	-5.7971033069044456e-6
0.3999999999999998	-6.3029473086452616e-6
0.34999999999999976	-6.847141384617597e-6
0.30000000000000027	-7.432171277026026e-6
0.2500000000000002	-8.060626513881579e-6
0.20000000000000018	-8.735246379326018e-6
0.15000000000000013	-9.458910951319103e-6
0.10000000000000009	-0.000010234652659856902
0.050000000000000044	-0.00001106563562452235
0.	-0.00001195521169807608
5.	6.437784473390019e-7
5.05	6.746613321696511e-7
5.1	7.066351005351553e-7
5.15	7.397174531688969e-7
5.2	7.739234916249718e-7
5.25	8.093016383849424e-7
5.300000000000001	8.458541712805176e-7
5.3500000000000005	8.836109112865628e-7
5.4	9.226064935737738e-7
5.45	9.6284886675496e-7
5.5	1.0043605456816555e-6
5.550000000000001	1.0472145374011006e-6
5.6000000000000005	1.0913805395209683e-6
5.6499999999999995	1.1369016679914752e-6
5.700000000000001	1.183804133985581e-6
5.75	1.2321249303481977e-6
5.8	1.2818766090575954e-6
5.85	1.3330917052184556e-6
5.8999999999999995	1.3858191947492732e-6
5.949999999999999	1.4400175224012071e-6
6.	1.4957844692994368e-6
6.05	1.5530957955941812e-6
6.1	1.612063751265306e-6
6.15	1.6726324858088388e-6
6.2	1.7348568675094169e-6
6.25	1.7987609635871063e-6
6.3	1.8643819948243513e-6
6.35	1.9317458227831485e-6
6.4	2.0008787179617584e-6
6.45	2.071815855530047e-6
6.5	2.1445670708302612e-6
6.550000000000001	2.2192066401947534e-6
6.6000000000000005	2.2957214423908942e-6
6.65	2.374159871233135e-6
6.7	2.4545531776266147e-6
6.75	2.5369306331475073e-6
6.799999999999999	2.621306902028784e-6
6.8500000000000005	2.7076705348887777e-6
6.8999999999999995	2.796261957405448e-6
6.950000000000001	2.8867984566980885e-6
7.	2.97957052039852e-6
7.05	3.0744943239749872e-6
7.1	3.1716439218421915e-6
7.1499999999999995	3.2710215098405566e-6
7.199999999999999	3.3726611611611602e-6
7.25	3.4766171671860453e-6
7.3	3.5829141824710977e-6
7.35	3.6915859996665303e-6
7.4	3.8026451610698947e-6
7.45	3.9161687814111346e-6
7.5	4.032176743847324e-6
7.55	4.150679065314828e-6
7.6	4.271724257075323e-6
7.65	4.395346382049638e-6
7.7	4.5215909364448644e-6
7.75	4.650493234141492e-6
7.800000000000001	4.78206134005223e-6
7.85	4.916385150586277e-6
7.9	5.05345251522633e-6
7.949999999999999	5.193310845781735e-6
8.	5.3360064505503585e-6
8.049999999999999	5.481585325052483e-6
8.100000000000001	5.6300619431750235e-6
8.149999999999999	5.781467523445708e-6
8.200000000000001	5.935883455669246e-6
8.25	6.093303555186217e-6
8.3	6.253814037668411e-6
8.35	6.4173744925561965e-6
8.4	6.58408540750213e-6
8.45	6.753972457210847e-6
8.5	6.927080225869543e-6
8.55	7.10344782733849e-6
8.6	7.283092253912188e-6
8.65	7.466071527907979e-6
8.7	7.6524209792643e-6
8.75	7.84216997203947e-6
8.8	8.035398856335262e-6
8.85	8.23207300437566e-6
8.9	8.432343255578612e-6
8.95	8.636152057694025e-6
9.	8.84355840779796e-6
9.05	9.054647885222156e-6
9.1	9.26942209917015e-6
9.15	9.487924123749962e-6
9.2	9.710210350215272e-6
9.25	9.936298620935367e-6
9.299999999999999	0.000010166284561800099
9.350000000000001	0.000010400165477968173
9.399999999999999	0.0000106379826110003
9.450000000000001	0.000010879781645096261
9.5	0.000011125620838596625
9.55	0.000011375530039814077
9.6	0.000011629545332196653
9.65	0.000011887749932644609
9.7	0.000012150149368418047
9.75	0.000012416764669654586
9.8	0.000012687677927813096
9.85	0.000012962960155267348
9.9	0.000013242579636099522
9.95	0.000013526622623808055
10.	0.000013815153312696508
10.049999999999999	0.00001410817313251225
10.1	0.000014405760036428997
10.150000000000002	0.000014707920874077703
10.2	0.000015014723294722832
10.25	0.000015326192683116602
10.3	0.00001564242786773074
10.350000000000001	0.00001596343831475412
10.4	0.000016289224395345854
10.45	0.000016619870308457796
10.5	0.00001695540347784235
10.55	0.00001729599151032743
10.600000000000001	0.00001764150137785545
10.649999999999999	0.000017992065049560756
10.7	0.00001834771179820191
10.75	0.000018708489024689854
10.8	0.000019074433835353866
10.85	0.000019445593732304794
10.899999999999999	0.00001982202233606029
10.95	0.000020203793794499126
11.	0.000020590891906753322
11.05	0.00002098339428401697
11.099999999999998	0.000021381284969903212
11.15	0.000021784794201081846
11.200000000000001	0.00002219371771747905
11.25	0.000022608344034401056
11.299999999999999	0.000023028451182324188
11.35	0.000023454373340837692
11.400000000000002	0.000023885954116219682
11.45	0.000024323262079617374
11.5	0.000024766464710009446
11.55	0.00002521544264354917
11.600000000000001	0.000025670338379929145
11.65	0.00002613116963088931
11.7	0.000026598010061150838
11.75	0.00002707084746899029
11.8	0.000027549762414403898
11.850000000000001	0.00002803483610907493
11.899999999999999	0.000028526051334816028
11.95	0.000029023551720191532
12.	0.00002952726761405097
12.05	0.00003003726646645537
12.1	0.00003055358813283948
12.149999999999999	0.00003107637026372459
12.2	0.000031605588046084815
12.25	0.00003214119031944097
12.3	0.000032683386700083296
12.349999999999998	0.00003323216609131901
12.4	0.00003378766496293215
12.450000000000001	0.00003434954751694306
12.5	0.0000349182551041746
12.549999999999999	0.00003549374025039772
12.6	0.000036075980926794974
12.650000000000002	0.000036665085830958425
12.7	0.000037261125200158707
12.75	0.00003786389716054665
12.8	0.00003847373791797829
12.850000000000001	0.00003909067151015554
12.9	0.00003971456187090911
12.95	0.000040345476958451915
13.	0.00004098360492875107
13.05	0.00004162887462221398
13.100000000000001	0.000042281358511984664
13.149999999999999	0.000042941184626547104
13.2	0.00004360825885488002
13.25	0.000044282624993696974
13.3	0.000044964434538690206
13.35	0.00004565365412725122
13.399999999999999	0.000046350445045762574
13.45	0.000047054514685190755
13.5	0.000047766236157871114
13.55	0.00004848553461130226
13.599999999999998	0.000049212480423246604
13.65	0.00004994702857552408
13.700000000000001	0.00005068942044813365
13.75	0.0000514394469212377
13.799999999999999	0.000052197283032650893
13.85	0.00005296297787118595
13.900000000000002	0.000053736527390923076
13.95	0.00005451795529140595
14.	0.00005530724003617768
14.05	0.000056104630631454436
14.100000000000001	0.00005691000611810312
14.15	0.000057723410847202914
14.2	0.00005854486159421278
14.25	0.00005937450940965129
14.3	0.000060212328544836504
14.350000000000001	0.00006105828337444504
14.399999999999999	0.00006191254710446674
14.45	0.00006277503174850676
14.5	0.0000636458598979931
14.55	0.00006452496465883165
14.6	0.00006541244478977747
14.649999999999999	0.00006630844470407383
14.7	0.00006721283598296583
14.75	0.00006812564676613593
14.8	0.00006904703835056439
14.849999999999998	0.0000699769372357164
14.9	0.00007091544261580204
14.950000000000001	0.00007186261220775309
15.	0.00007281832778870698