45.	0.3173616829111845
44.8	0.3174976131093191
44.6	0.3176352011614113
44.4	0.31777447420052574
44.2	0.317915459879786
44.	0.31805818651584894
43.8	0.3182026828710254
43.6	0.31834897840358906
43.4	0.31849710315702995
43.2	0.31864708773934686
43.	0.31879896350983616
42.8	0.3189527623784995
42.6	0.31910851700936227
42.4	0.3192662607849152
42.2	0.3194260275306448
42.	0.31958785230096787
41.8	0.31975177035606916
41.6	0.31991781796829244
41.4	0.3200860323467771
41.2	0.3202564513757568
41.	0.3204291134455855
40.8	0.32060405836694966
40.6	0.3207813265045889
40.4	0.3209609589507798
40.2	0.32114299800587426
40.	0.3213274871035769
39.8	0.32151446968845876
39.6	0.32170399145360623
39.4	0.32189609839241573
39.2	0.32209083719425524
39.	0.32228825686582696
38.8	0.32248840589918804
38.6	0.32269133551534274
38.4	0.32289709661753857
38.2	0.3231057425106928
38.	0.32331732696751325
37.8	0.32353190549652616
37.6	0.3237495345501999
37.4	0.32397027205146356
37.2	0.32419417745451573
37.	0.32442131086844994
36.8	0.3246517351735201
36.6	0.3248855134943603
36.4	0.32512271120247943
36.2	0.3253633949904243
36.	0.3256076334076186
35.8	0.32585549591460555
35.6	0.32610705474367907
35.4	0.3263623834259313
35.2	0.326621556543837
35.	0.32688465206837125
34.8	0.3271517487882577
34.6	0.32742292816296686
34.4	0.32769827229625653
34.2	0.32797786747027624
34.	0.3282618005954837
33.8	0.32855016151391464
33.6	0.32884304169163225
33.4	0.32914053585929354
33.2	0.3294427406232643
33.	0.329749755052649
32.8	0.33006168118098905
32.6	0.3303786234223331
32.4	0.33070068900358873
32.2	0.3310279879888997
32.	0.3313606335306559
31.8	0.33169874162617397
31.6	0.3320424315890893
31.4	0.3323918252325235
31.2	0.33274704894704404
31.	0.3331082316153853
30.8	0.3334755062879115
30.6	0.3338490083878477
30.4	0.33422887903465254
30.2	0.3346152614986581
30.	0.33500830427227757
29.8	0.3354081591006012
29.6	0.33581498337685556
29.4	0.3362289371843711
29.2	0.33665018623603804
29.	0.337078901025138
28.8	0.33751525623916284
28.6	0.3379594333140231
28.4	0.3384116165291583
28.2	0.3388719972831285
28.	0.33934077208716174
27.8	0.3398181438200958
27.6	0.34030432016948653
27.4	0.3407995157257305
27.2	0.34130395225751475
27.	0.34181785678436966
26.8	0.3423414646309487
26.6	0.34287501667088
26.4	0.34341876286094275
26.2	0.3439729592985764
26.	0.3445378718863143
25.8	0.34511377332080717
25.6	0.34570094478571894
25.4	0.3462996771545178
25.2	0.3469102703001044
25.	0.34753303312905426
24.8	0.34816828443841036
24.6	0.34881635471096156
24.4	0.34947758335180873
24.2	0.3501523207898736
24.	0.35084093090261426
23.8	0.35154378719490786
23.6	0.35226127664690104
23.4	0.35299379915718915
23.2	0.3537417673238705
23.	0.3545056085156201
22.8	0.3552857635980245
22.6	0.3560826886359414
22.4	0.3568968557998175
22.2	0.35772875280599453
22.	0.35857888459659387
21.8	0.3594477730760023
21.6	0.36033595890529985
21.4	0.3612440012315823
21.2	0.36217247898045096
21.	0.3631219914097239
20.8	0.36409315968643696
20.6	0.36508662652993473
20.4	0.3661030579543024
20.2	0.3671431443113863
20.	0.36820759969286726
19.8	0.3692971661678361
19.6	0.37041261146502863
19.4	0.3715547328463861
19.2	0.3727243548272249
19.	0.3739223351258797
18.8	0.37514956232942337
18.6	0.37640695803661867
18.4	0.37769547797899633
18.2	0.37901611589176104
18.	0.38036990184856695
17.8	0.38175790494225453
17.6	0.38318123566581846
17.4	0.38464104697976953
17.2	0.386138536763806
17.	0.3876749479208997
16.8	0.38925157107931946
16.6	0.3908697494230438
16.4	0.3925308748613357
16.2	0.39423639681573264
16.	0.395987817854019
15.8	0.3977867014610083
15.6	0.3996346709124526
15.4	0.40153341258871084
15.2	0.40348467880727007
15.	0.40549028918921765
14.8	0.40755213388914374
14.6	0.40967217541892603
14.4	0.4118524515138986
14.2	0.4140950766295685
14.	0.41640224500363393
13.8	0.4187762321798155
13.6	0.421219396483329
13.4	0.4237341799651468
13.2	0.4263231132112712
13.	0.4289888103304111
12.8	0.43173397479732706
12.6	0.43456139500684016
12.4	0.4374739441550155
12.2	0.4404745792581921
12.	0.44356633483240826
11.8	0.4467523190438375
11.6	0.45003570701078294
11.4	0.4534197295522869
11.2	0.4569076618832122
11.	0.4605028081080413
10.8	0.4642084800702768
10.6	0.46802797515821254
10.4	0.4719645447030905
10.2	0.4760213590850549
10.	0.4802014653220566
45.	0.3173616829111845
45.2	0.3172273840266288
45.4	0.3170946903383493
45.6	0.31696357634421574
45.8	0.3168340170196102
46.	0.3167059877944611
46.2	0.3165794646052593
46.4	0.31645442388591394
46.6	0.31633084245611787
46.8	0.3162086976690426
47.	0.3160879672522366
47.2	0.315968629376856
47.4	0.31585066270716594
47.6	0.3157340460938093
47.8	0.3156187590972413
48.	0.3155047814351155
48.2	0.3153920932559568
48.4	0.31528067517017383
48.6	0.31517050806257463
48.8	0.3150615732008137
49.	0.31495385215399313
49.2	0.31484732690459266
49.4	0.31474197978666485
49.6	0.3146377933651728
49.8	0.3145347505766061
50.	0.3144328346546457
50.2	0.31433202919700043
50.4	0.3142323180168088
50.6	0.31413368523458524
50.8	0.31403611530921766
51.	0.31393959291391954
51.2	0.31384410309042454
51.4	0.3137496309937663
51.6	0.31365616219472203
51.8	0.3135636824161917
52.	0.31347217772675084
52.2	0.31338163436867966
52.4	0.31329203879840634
52.6	0.31320337779807034
52.8	0.3131156383075109
53.	0.3130288075606851
53.2	0.3129428729606022
53.4	0.31285782212290536
53.6	0.3127736428918887
53.8	0.31269032331750934
54.	0.3126078516722558
54.2	0.3125262164111431
54.4	0.31244540618471683
54.6	0.3123654098245489
54.8	0.31228621638056225
55.	0.3122078150437561
55.2	0.31213019518382273
55.4	0.3120533464572802
55.6	0.3119772585452237
55.8	0.31190192141008427
56.	0.3118273250564086
56.2	0.3117534598274908
56.4	0.3116803160542659
56.6	0.31160788428711517
56.8	0.31153615528156475
57.	0.3114651199233638
57.2	0.31139476917971587
57.4	0.31132509422650834
57.6	0.31125608636788316
57.8	0.31118773703410585
58.	0.3111200378262093
58.2	0.3110529804359963
58.4	0.3109865567029133
58.6	0.310920758614021
58.8	0.3108555782569556
59.	0.31079100786054925
59.2	0.31072703977028804
59.4	0.3106636664447509
59.6	0.3106008804741121
59.8	0.3105386745717873
60.	0.31047704150654865
60.2	0.3104159742392168
60.4	0.31035546580803014
60.6	0.3102955093075955
60.8	0.31023609799199037
61.	0.3101772252464216
61.2	0.3101188844735163
61.4	0.3100610692691121
61.6	0.3100037732292245
61.8	0.3099469901135905
62.	0.3098907137460946
62.2	0.3098349381050476
62.4	0.30977965714215194
62.6	0.30972486500746543
62.8	0.30967055586461534
63.	0.3096167240205995
63.2	0.3095633638184343
63.4	0.3095104697265562
63.6	0.30945803626359175
63.8	0.30940605806939936
64.	0.30935452979029004
64.2	0.30930344619195277
64.4	0.3092528021516661
64.6	0.3092025925437787
64.8	0.30915281241346787
65.	0.3091034567854691
65.2	0.30905452079452284
65.4	0.30900599964414033
65.6	0.30895788861153634
65.8	0.3089101830397605
66.	0.3088628783469874
66.2	0.3088159699656684
66.4	0.3087694534404183
66.6	0.3087233243904789
66.8	0.3086775784421455
67.	0.3086322113677263
67.2	0.30858721887942414
67.4	0.3085425968600076
67.6	0.3084983411701483
67.8	0.30845444782052556
68.	0.3084109127500577
68.2	0.30836773208508966
68.4	0.30832490188312034
68.6	0.30828241837331233
68.8	0.3082402777199764
69.	0.3081984762382369
69.2	0.3081570102441182
69.4	0.3081158761083804
69.6	0.30807507025539943
69.8	0.3080345891661969
70.	0.30799442933259025
70.2	0.30795458734947595
70.4	0.3079150598119083
70.6	0.30787584338694757
70.8	0.3078369347673998
71.	0.30779833070341867
71.2	0.307760027983685
71.4	0.30772202343262983
71.6	0.30768431392622053
71.8	0.3076468963855199
72.	0.30760976774846616
72.2	0.3075729250198162
72.4	0.3075363652223933
72.6	0.30750008544137103
72.8	0.3074640827774779
73.	0.3074283543675648
73.2	0.3073928974083777
73.4	0.3073577091139145
73.6	0.30732278674462205
73.8	0.30728812757962176
74.	0.3072537289531788
74.2	0.30721958821975004
74.4	0.30718570277081736
74.6	0.30715207002761513
74.8	0.30711868745931714
75.	0.3070855525430909
75.2	0.3070526628129347
75.4	0.3070200158026752
75.6	0.30698760911347317
75.8	0.30695544035272554
76.	0.30692350715450206
76.2	0.3068918072031367
76.4	0.30686033818881403
76.6	0.30682909784465057
76.8	0.30679808393575037
77.	0.3067672942279559
77.2	0.30673672654764583
77.4	0.3067063787353898
77.6	0.3066762486384201
77.8	0.30664633416582177
78.	0.306616633227934
78.2	0.3065871437628339
78.4	0.30655786373589344
78.6	0.30652879114573145
78.8	0.3064999240022673
79.	0.30647126034291533
79.2	0.3064427982351178
79.4	0.30641453575795735
79.6	0.30638647102257033
79.8	0.30635860216316035
80.	0.3063309273289804