45.	-2.757312636890691e-7
44.8	-2.820145365307749e-7
44.6	-2.8847665789199843e-7
44.4	-2.9512217804513206e-7
44.2	-3.0196553069150386e-7
44.	-3.090054073996693e-7
43.8	-3.162511249162528e-7
43.6	-3.237086267847595e-7
43.4	-3.3138568477982455e-7
43.2	-3.3929487187148886e-7
43.	-3.474436658467601e-7
42.8	-3.5582591976226517e-7
42.6	-3.6446816208809284e-7
42.4	-3.7337038546591914e-7
42.2	-3.825514149139136e-7
42.	-3.9201001865262844e-7
41.8	-4.0176278663816814e-7
41.6	-4.1181970411319587e-7
41.4	-4.2219158731441e-7
41.2	-4.3288532021978014e-7
41.	-4.4392398965769523e-7
40.8	-4.5531145418495457e-7
40.6	-4.6706705631588905e-7
40.4	-4.792037332661094e-7
40.2	-4.917347500186768e-7
40.	-5.046715406063531e-7
39.8	-5.180412464534543e-7
39.6	-5.318432795946669e-7
39.4	-5.461091907083192e-7
39.2	-5.608519536046325e-7
39.	-5.760960669806663e-7
38.8	-5.918623501933018e-7
38.6	-6.081522723213883e-7
38.4	-6.250130238885833e-7
38.2	-6.424521232044005e-7
38.	-6.604942385796127e-7
37.8	-6.791814104059521e-7
37.6	-6.98522476744834e-7
37.4	-7.185454643024485e-7
37.2	-7.392893830976604e-7
37.	-7.607787829956276e-7
36.8	-7.830535364593385e-7
36.6	-8.061357565627406e-7
36.4	-8.300693785607189e-7
36.2	-8.548843637353409e-7
36.	-8.80622719158492e-7
35.8	-9.073329142134879e-7
35.6	-9.350498967109398e-7
35.4	-9.63820523143031e-7
35.2	-9.936773717647199e-7
35.	-1.0247172182751884e-6
34.8	-1.0569476014678368e-6
34.6	-1.0904344651753436e-6
34.4	-1.1252496791611958e-6
34.2	-1.161447608416556e-6
34.	-1.1990908793812569e-6
33.8	-1.2382556353529753e-6
33.6	-1.2790066220975075e-6
33.4	-1.3214078219913937e-6
33.2	-1.365583230645117e-6
33.	-1.4115932172226278e-6
32.8	-1.4595214069942129e-6
32.6	-1.5094769418284474e-6
32.4	-1.5615636306581283e-6
32.2	-1.615839898945436e-6
32.	-1.6725071748963386e-6
31.8	-1.731596690680325e-6
31.6	-1.7933507040133808e-6
31.4	-1.8577397220913346e-6
31.2	-1.9250493882177296e-6
31.	-1.9953751261602474e-6
30.8	-2.068912403311015e-6
30.6	-2.145769048636836e-6
30.4	-2.2261825639994586e-6
30.2	-2.310361766982692e-6
30.	-2.3984332848226437e-6
29.8	-2.490692472811879e-6
29.6	-2.5873380941743144e-6
29.4	-2.688648555392118e-6
29.2	-2.7948329039756904e-6
29.	-2.9062066935075822e-6
28.8	-3.023107178883311e-6
28.6	-3.1458052722931e-6
28.4	-3.2746422762313734e-6
28.2	-3.4100504102108126e-6
28.	-3.5523775782551406e-6
27.8	-3.7020170686167014e-6
27.6	-3.8594239427134115e-6
27.4	-4.025101927726629e-6
27.2	-4.199621437369789e-6
27.	-4.3834050486234975e-6
26.8	-4.577174169610721e-6
26.6	-4.781496114626924e-6
26.4	-4.997073872406914e-6
26.2	-5.224596252714166e-6
26.	-5.4649403761621525e-6
25.8	-5.718891971674775e-6
25.6	-5.987359404549756e-6
25.4	-6.271377809595963e-6
25.2	-6.571957036915946e-6
25.	-6.890292888207765e-6
24.8	-7.227598595614747e-6
24.6	-7.585213380419863e-6
24.4	-7.964567964693785e-6
24.2	-8.367253357057276e-6
24.	-8.794958875831676e-6
23.8	-9.249481799673922e-6
23.6	-9.732878725826857e-6
23.4	-0.000010247310865510495
23.2	-0.000010795028731403786
23.	-0.000011378662085786316
22.8	-0.000012000983340397711
22.6	-0.000012665012747307372
22.4	-0.000013374027369324937
22.2	-0.000014131636055799541
22.	-0.000014941743767085128
21.8	-0.000015808645615257244
21.6	-0.000016737022623992116
21.4	-0.000017731999604066272
21.2	-0.000018799217868769264
21.	-0.000019944806643342874
20.8	-0.000021175546987519477
20.6	-0.00002249885384397898
20.4	-0.000023922925107669613
20.2	-0.00002545672933505915
20.	-0.000027110178830427906
19.8	-0.000028894237848829768
19.6	-0.00003082093738483267
19.4	-0.000032903632734780945
19.2	-0.00003515707249375783
19.	-0.00003759774485104086
18.8	-0.000040243595783549015
18.6	-0.00004311487019985384
18.4	-0.00004623446400120498
18.2	-0.000049625645187421447
18.	-0.00005331777592656272
17.8	-0.00005734128155392711
17.6	-0.000061730655767225
17.4	-0.00006652446710964888
17.2	-0.0000717659701550128
17.	-0.00007750349160050117
16.8	-0.00008379141114480781
16.6	-0.00009069057574641054
16.4	-0.00009826949012403025
16.2	-0.00010660617748661411
16.	-0.00011578533645622012
15.8	-0.00012590721263941164
15.6	-0.00013708186627203167
15.4	-0.00014943474655406566
15.2	-0.0001631076291534789
15.	-0.00017826234853921414
14.8	-0.0001950786736320513
14.6	-0.00021376754506380842
14.4	-0.00023456078182901055
14.2	-0.00025772976148641244
14.	-0.000283579162734373
13.8	-0.0003124584571944251
13.6	-0.0003447621244442351
13.4	-0.0003809476178376212
13.2	-0.00042153441547615385
13.	-0.0004671133647326577
12.8	-0.0005183648080205217
12.6	-0.0005760638650738461
12.4	-0.0006411060291876752
12.2	-0.0007145040634580528
12.	-0.0007974263677648887
11.8	-0.0008912071550584713
11.6	-0.0009973748926314179
11.4	-0.001117676910486902
11.2	-0.0012541112872210647
11.	-0.0014089599385017316
10.8	-0.0015848272535876821
10.6	-0.001784682184341518
10.4	-0.0020119046784944964
10.2	-0.0022703369169479477
10.	-0.0025643409550698834
45.	-2.757312636890691e-7
45.2	-2.696221539395269e-7
45.4	-2.6368113959770233e-7
45.6	-2.579005355502145e-7
45.8	-2.522774760358929e-7
46.	-2.4681189430260094e-7
46.2	-2.414888078459169e-7
46.4	-2.3631047385472345e-7
46.6	-2.3126947062818284e-7
46.8	-2.2636167845671876e-7
47.	-2.2158100674882676e-7
47.2	-2.1693069873281832e-7
47.4	-2.1240034045562766e-7
47.6	-2.0798704667547058e-7
47.8	-2.0368784560872161e-7
48.	-1.9949948239081804e-7
48.2	-1.9541770272061615e-7
48.4	-1.914405991961555e-7
48.6	-1.875636847626476e-7
48.8	-1.837847427858528e-7
49.	-1.801004148808802e-7
49.2	-1.7650795077504503e-7
49.4	-1.7300671307921224e-7
49.6	-1.6959052395810257e-7
49.8	-1.662587648242148e-7
50.	-1.6300866296028005e-7
50.2	-1.5983701527933172e-7
50.4	-1.5674379196444733e-7
50.6	-1.5372431752815248e-7
50.8	-1.507766040733379e-7
51.	-1.4790270870383072e-7
51.2	-1.450946944043737e-7
51.4	-1.4235288671329898e-7
51.6	-1.3967620959237924e-7
51.8	-1.3706253293890472e-7
52.	-1.3450973015383453e-7
52.2	-1.3201728376306197e-7
52.4	-1.295822422674061e-7
52.6	-1.2720656448551747e-7
52.8	-1.2487864270225348e-7
53.	-1.2260708543311478e-7
53.2	-1.2038817502274244e-7
53.4	-1.1821888106339966e-7
53.6	-1.1609860168801581e-7
53.8	-1.1402853812330424e-7
54.	-1.1199985685716902e-7
54.2	-1.1001771454329926e-7
54.4	-1.0808135252464401e-7
54.6	-1.0618587725376138e-7
54.8	-1.0433274497726995e-7
55.	-1.0252017804487933e-7
55.2	-1.0074722855881472e-7
55.4	-9.901257925755756e-8
55.6	-9.731558698196396e-8
55.8	-9.565646112810844e-8
56.	-9.403010906595601e-8
56.2	-9.243969256592614e-8
56.4	-9.088494358284733e-8
56.6	-8.935953385927193e-8
56.8	-8.786843503491509e-8
57.	-8.640830330561193e-8
57.2	-8.497827213763664e-8
57.4	-8.357761033525905e-8
57.6	-8.22069731786412e-8
57.8	-8.086387806024683e-8
58.	-7.954770842206744e-8
58.2	-7.825946629979071e-8
58.4	-7.699749467210668e-8
58.6	-7.576152134372524e-8
58.8	-7.454913619750857e-8
59.	-7.336279774898208e-8
59.2	-7.219883028749561e-8
59.4	-7.10592018404345e-8
59.6	-6.994144878355586e-8
59.8	-6.884737315753854e-8
60.	-6.777219583797914e-8
60.2	-6.672037414954912e-8
60.4	-6.568769508603084e-8
60.6	-6.467660641983244e-8
60.8	-6.368398236291622e-8
61.	-6.271103506231332e-8
61.2	-6.175639202415606e-8
61.4	-6.082081867777618e-8
61.6	-5.990244388217867e-8
61.8	-5.900132841846085e-8
62.	-5.8118436117237504e-8
62.2	-5.7251854003539964e-8
62.4	-5.6401417082493664e-8
62.6	-5.556699265704697e-8
62.8	-5.4747849807827925e-8
63.	-5.3944481801832153e-8
63.2	-5.3155473057681386e-8
63.4	-5.238099982750965e-8
63.6	-5.162185552945848e-8
63.8	-5.087571787992315e-8
64.	-5.014351175682638e-8
64.2	-4.9424617102991366e-8
64.4	-4.8718536254789706e-8
64.6	-4.802509876110665e-8
64.8	-4.7344694326053944e-8
65.	-4.667535344905869e-8
65.2	-4.6019607633416825e-8
65.4	-4.537480821407387e-8
65.6	-4.474130594416467e-8
65.8	-4.4118797781018115e-8
66.	-4.3507268819736834e-8
66.2	-4.290756412579317e-8
66.4	-4.231757510597709e-8
66.6	-4.1737802711197505e-8
66.8	-4.116838760690706e-8
67.	-4.060918548075996e-8
67.2	-4.005855488326911e-8
67.4	-3.9517979416454886e-8
67.6	-3.898659706556355e-8
67.8	-3.846465574716068e-8
68.	-3.795110144127514e-8
68.2	-3.7447239522961296e-8
68.4	-3.6950019940207074e-8
68.6	-3.6462846091112976e-8
68.8	-3.598248960442524e-8
69.	-3.551067455566464e-8
69.2	-3.5047378355940963e-8
69.4	-3.4591949466151635e-8
69.6	-3.414282529313847e-8
69.8	-3.370116459504029e-8
70.	-3.326800746075986e-8
70.2	-3.284158133766186e-8
70.4	-3.242167707709818e-8
70.6	-3.2008646766775145e-8
70.8	-3.1602175065127166e-8
71.	-3.1202735549063475e-8
71.2	-3.080976291461589e-8
71.4	-3.042312725725546e-8
71.6	-3.004290141118995e-8
71.8	-2.9667592154017397e-8
72.	-2.9298713167066847e-8
72.2	-2.8935925023338876e-8
72.4	-2.85793695562627e-8
72.6	-2.82272707836435e-8
72.8	-2.7880162438417955e-8
73.	-2.7541620902555445e-8
73.2	-2.720583068430788e-8
73.4	-2.687571997402366e-8
73.6	-2.655056714405832e-8
73.8	-2.623106902609385e-8
74.	-2.5916022132361037e-8
74.2	-2.560626820211068e-8
74.4	-2.5300778409590777e-8
74.6	-2.4999880064396087e-8
74.8	-2.4703879142973767e-8
75.	-2.441278905303869e-8
75.2	-2.4125004222222403e-8
75.4	-2.384212884934266e-8
75.6	-2.3563916503908538e-8
75.8	-2.328903527297522e-8
76.	-2.301883781681498e-8
76.2	-2.2752543806260747e-8
76.4	-2.2490176340525533e-8
76.6	-2.2231468615957683e-8
76.8	-2.1976790484861218e-8
77.	-2.172582090993667e-8
77.2	-2.1478368212222262e-8
77.4	-2.123476139110383e-8
77.6	-2.0995346826952885e-8
77.8	-2.07579499596841e-8
78.	-2.0524702045164526e-8
78.2	-2.0294796143749196e-8
78.4	-2.0068417022790287e-8
78.6	-1.984518922423925e-8
78.8	-1.9624878430420824e-8
79.	-1.9407889701141784e-8
79.2	-1.9194028359779132e-8
79.4	-1.898272874186438e-8
79.6	-1.8775421273385005e-8
79.8	-1.857041953736992e-8
80.	-1.836848385205474e-8