1.6666666666666667	0.3274252713557046
1.6500000000000001	0.32720731014289606
1.6333333333333333	0.3269890669882977
1.6166666666666667	0.3267705392557296
1.6	0.32655172421787754
1.5833333333333333	0.32633261915126177
1.5666666666666667	0.326113221275777
1.55	0.32589352771055563
1.5333333333333334	0.3256735356558777
1.5166666666666668	0.3254532420953501
1.5	0.32523264414691666
1.4833333333333334	0.32501173876560946
1.4666666666666668	0.32479052284492593
1.45	0.3245689933994816
1.4333333333333333	0.32434714715744284
1.4166666666666667	0.32412498097517894
1.4	0.3239024914913888
1.3833333333333333	0.32367967551015303
1.366666666666667	0.32345652959775034
1.35	0.32323305032798894
1.3333333333333335	0.3230092342281466
1.3166666666666669	0.3227850777516417
1.3	0.32256057728958065
1.2833333333333334	0.32233572919897674
1.2666666666666668	0.3221105297505635
1.25	0.3218849750948418
1.2333333333333334	0.3216590614563266
1.2166666666666668	0.32143278483777565
1.2	0.3212061413053642
1.1833333333333333	0.3209791267386219
1.1666666666666667	0.3207517370649627
1.15	0.32052396800392896
1.1333333333333333	0.32029581533822893
1.1166666666666667	0.32006727469236623
1.0999999999999999	0.31983834164108615
1.0833333333333335	0.3196090113872742
1.0666666666666667	0.3193792798632455
1.05	0.3191491415778042
1.0333333333333334	0.31891859260647926
1.0166666666666666	0.3186876275179964
1.	0.318456241298769
0.9833333333333335	0.31822442927410177
0.9666666666666668	0.3179921861282338
0.9500000000000002	0.3177595062487645
0.9333333333333335	0.31752638468860284
0.9166666666666667	0.31729281584625996
0.9000000000000001	0.3170587940513804
0.8833333333333334	0.31682431367182595
0.8666666666666667	0.31658936873775195
0.8500000000000001	0.31635395357796636
0.8333333333333334	0.31611806186215086
0.8166666666666667	0.31588168759475854
0.8	0.3156448242890699
0.7833333333333333	0.3154074655394664
0.7666666666666666	0.31516960473909844
0.75	0.31493123517483634
0.7333333333333333	0.31469234990066225
0.7166666666666668	0.3144529419891583
0.7000000000000001	0.3142130041739512
0.6833333333333335	0.313972528995217
0.6666666666666667	0.31373150909089165
0.65	0.31348993670604836
0.6333333333333334	0.313247803877749
0.6166666666666667	0.3130051026839888
0.6	0.3127618247586773
0.5833333333333334	0.31251796175145485
0.5666666666666667	0.31227350494073625
0.5499999999999999	0.31202844550140885
0.5333333333333333	0.31178277438431157
0.5166666666666668	0.31153648230492176
0.5000000000000001	0.3112895597125537
0.4833333333333334	0.31104199685730516
0.46666666666666673	0.3107937837515847
0.45000000000000007	0.3105449101258929
0.43333333333333335	0.3102953654702167
0.4166666666666667	0.3100451389944199
0.4	0.3097942196257153
0.3833333333333333	0.30954259600763917
0.36666666666666664	0.3092902564723454
0.35	0.3090371890575067
0.33333333333333326	0.30878338145887335
0.3166666666666666	0.3085288210455434
0.3000000000000001	0.3082734948549491
0.28333333333333344	0.3080173895508231
0.2666666666666667	0.3077604914335267
0.25000000000000006	0.3075027864122447
0.23333333333333336	0.307244260001235
0.21666666666666667	0.3069848973289122
0.2	0.30672468305688233
0.18333333333333332	0.3064636014284568
0.16666666666666663	0.30620163623194124
0.14999999999999997	0.30593877077950227
0.13333333333333328	0.30567498790593634
0.11666666666666659	0.3054102699054635
0.10000000000000009	0.3051445986014258
0.08333333333333341	0.30487795522224254
0.06666666666666674	0.30461032046532593
0.050000000000000044	0.30434167444905025
0.03333333333333337	0.3040719967090531
0.016666666666666684	0.30380126611955743
0.	0.3035294609468754
1.6666666666666667	0.3274252713557046
1.6833333333333333	0.3276429532706683
1.7000000000000002	0.3278603584400393
1.7166666666666668	0.32807748944819953
1.7333333333333334	0.328294348803
1.7500000000000002	0.3285109390343107
1.7666666666666668	0.3287272624266318
1.7833333333333334	0.32894332154953787
1.8000000000000003	0.32915911857234664
1.8166666666666669	0.3293746560065737
1.8333333333333335	0.32958993617976107
1.8500000000000003	0.32980496111456925
1.866666666666667	0.33001973328891776
1.8833333333333333	0.3302342548235731
1.9000000000000004	0.3304485279058487
1.9166666666666665	0.330662554879925
1.9333333333333333	0.3308763372730088
1.95	0.331089877758834
1.9666666666666666	0.3313031781485264
1.9833333333333334	0.3315162405800951
2.	0.3317290668320805
2.0166666666666666	0.3319416590140243
2.033333333333333	0.3321540191952353
2.0500000000000003	0.3323661492147223
2.066666666666667	0.33257805089534
2.0833333333333335	0.3327897262039485
2.1	0.33300117694053666
2.1166666666666667	0.33321240492175763
2.1333333333333333	0.3334234119776476
2.1500000000000004	0.33363419982870357
2.166666666666667	0.33384477030360027
2.1833333333333336	0.3340551251983577
2.2	0.33426526597127365
2.216666666666667	0.334475194747728
2.2333333333333334	0.3346849124958625
2.2500000000000004	0.3348944214695971
2.2666666666666666	0.3351037231618641
2.2833333333333337	0.3353128192645329
2.3	0.33552171093926736
2.316666666666667	0.33573039984686676
2.3333333333333335	0.3359388879826818
2.35	0.33614717666166843
2.3666666666666667	0.33635526745211497
2.3833333333333333	0.33656316125177416
2.4	0.3367708603481251
2.4166666666666665	0.3369783656723045
2.4333333333333336	0.3371856791279198
2.45	0.33739280150902246
2.466666666666667	0.3375997347528933
2.4833333333333334	0.3378064799418054
2.5	0.3380130388061071
2.5166666666666666	0.3382194120572862
2.5333333333333337	0.33842560160450225
2.5500000000000003	0.33863160860743907
2.566666666666667	0.33883743431246527
2.5833333333333335	0.3390430800619571
2.6	0.3392485470650957
2.6166666666666667	0.33945383680669416
2.6333333333333337	0.3396589502762727
2.65	0.3398638887630484
2.666666666666667	0.34006865354216287
2.683333333333333	0.34027324580598367
2.7	0.3404776667857933
2.716666666666667	0.340681917550009
2.733333333333334	0.34088599936475356
2.75	0.34108991343511563
2.766666666666667	0.3412936606642976
2.783333333333333	0.34149724237299606
2.8000000000000003	0.3417006596594994
2.816666666666667	0.341903913607709
2.8333333333333335	0.34210700531220445
2.85	0.34230993583582375
2.8666666666666667	0.3425127062674145
2.8833333333333333	0.3427153176285209
2.9	0.3429177710121623
2.916666666666667	0.34312006732490435
2.9333333333333336	0.34332220791977636
2.95	0.34352419336043283
2.966666666666667	0.3437260250513054
2.9833333333333334	0.34392770359684105
3.	0.34412923043039106
3.016666666666667	0.3443306060968191
3.033333333333333	0.3445318318927231
3.0500000000000003	0.34473290847484367
3.0666666666666664	0.3449338369516158
3.0833333333333335	0.34513461824803054
3.1	0.34533525324895037
3.116666666666667	0.3455357429393572
3.1333333333333333	0.3457360880134113
3.1500000000000004	0.3459362894943417
3.1666666666666665	0.3461363485844403
3.1833333333333336	0.3463362656533107
3.2	0.34653604180475944
3.2166666666666672	0.34673567787693244
3.2333333333333334	0.3469351747032728
3.25	0.3471345329820517
3.2666666666666666	0.34733375385467086
3.283333333333333	0.34753283817353126
3.3000000000000003	0.3477317864225966
3.316666666666667	0.3479305995488418
3.3333333333333335	0.34812927830668045
3.3499999999999996	0.3483278236262093
3.3666666666666667	0.3485262362105527
3.3833333333333337	0.3487245168563751
3.4000000000000004	0.34892266625546037
3.4166666666666665	0.34912068524666057
3.4333333333333336	0.34931857447051906
3.4500000000000006	0.3495163351148419
3.466666666666667	0.3497139674359977
3.4833333333333334	0.3499114720830009
3.5000000000000004	0.3501088504382049
3.5166666666666675	0.3503061025696452
3.5333333333333337	0.3505032295198358
3.55	0.3507002318731565
3.5666666666666664	0.35089711026629306
3.5833333333333335	0.35109386568839407
3.6000000000000005	0.3512904984902055
3.6166666666666667	0.3514870096217373
3.633333333333333	0.35168339960884837
3.65	0.3518796689021049
3.666666666666667	0.3520758186850876
3.6833333333333336	0.35227184937796285
3.6999999999999997	0.3524677615704283
3.716666666666667	0.35266355582625475
3.733333333333334	0.3528592329390299
3.75	0.35305479351002006
3.7666666666666666	0.3532502384905446
3.7833333333333337	0.35344556751514916
3.8000000000000007	0.3536407823571896
3.816666666666667	0.3538358828416919
3.833333333333333	0.35403086999026673
3.85	0.3542257441271693
3.866666666666667	0.3544205063713579
3.8833333333333337	0.35461515648907965
3.9	0.35480969598301937
3.916666666666667	0.3550041247415958
3.933333333333334	0.35519844363304626
3.95	0.3553926528887332
3.966666666666667	0.35558675388346117
3.983333333333333	0.35578074633587264
4.	0.3559746313964353
4.0166666666666675	0.3561684088622309
4.033333333333333	0.3563620799625444
4.05	0.3565556450650165
4.066666666666666	0.35674910467964344
4.083333333333334	0.35694245936497127
4.1000000000000005	0.35713570959623275
4.116666666666666	0.3573288558176207
4.133333333333334	0.35752189892639885
4.15	0.35771483927535425
4.166666666666667	0.35790767678260405
4.183333333333334	0.35810041270499776
4.2	0.35829304723788885
4.216666666666668	0.35848558100060113
4.233333333333333	0.35867801435515106
4.25	0.3588703478998891
4.266666666666667	0.3590625820986581
4.283333333333334	0.35925471733610415
4.300000000000001	0.35944675422655015
4.316666666666666	0.3596386931549066
4.333333333333334	0.35983053504382545
4.3500000000000005	0.3600222792401956
4.366666666666667	0.3602139271932835
4.383333333333334	0.3604054791651702
4.3999999999999995	0.36059693555615235
4.416666666666667	0.3607882967226802
4.433333333333334	0.3609795632425979
4.45	0.3611707355812199
4.466666666666667	0.3613618138431145
4.483333333333333	0.3615527990145477
4.500000000000001	0.3617436911569192
4.516666666666667	0.361934490853107
4.533333333333333	0.36212519835105206
4.55	0.3623158142974375
4.566666666666667	0.36250633905473817
4.583333333333334	0.36269677301349806
4.6	0.3628871164922343
4.616666666666667	0.3630773700564498
4.633333333333334	0.36326753406093953
4.65	0.3634576089801895
4.666666666666667	0.36364759502057104
4.683333333333334	0.36383749277855937
4.700000000000001	0.3640273025888955
4.716666666666667	0.36421702480902907
4.733333333333333	0.3644066599203841
4.75	0.36459620832388023
4.7666666666666675	0.3647856702325923
4.783333333333334	0.3649750461364919
4.8	0.3651643365262508
4.816666666666666	0.3653535415461837
4.833333333333333	0.3655426617572154
4.8500000000000005	0.3657316974785569
4.866666666666667	0.3659206490369515
4.883333333333333	0.3661095168635614
4.9	0.36629830132320074
4.916666666666667	0.3664870028499125
4.933333333333334	0.3666756214529638
4.95	0.3668641578943363
4.966666666666667	0.367052612325139
4.983333333333334	0.36724098516417314
5.	0.36742927675791903