30.	0.27785680004210556
29.8	0.27885679785703077
29.6	0.2798567953867568
29.4	0.28298039351289245
29.2	0.2885496480242095
29.	0.2893871304215206
28.8	0.29023792655426367
28.6	0.29110232651913603
28.4	0.2919806281999255
28.2	0.2928731384361762
28.	0.29378017276213125
27.8	0.2947020547152333
27.6	0.29563911792950553
27.4	0.2965917049108124
27.2	0.29756016794077805
27.	0.29854486954753406
26.8	0.2995461827070053
26.6	0.3005644910369561
26.4	0.3016001895120039
26.2	0.30265368481735744
26.	0.30372539523761244
25.8	0.3048157518569704
25.6	0.30592519857532213
25.4	0.3070541921985298
25.2	0.30820320400113116
25.	0.3093727191715794
24.8	0.3105632377548224
24.6	0.31177527564067775
24.4	0.31300936418356645
24.2	0.3142660509946593
24.	0.31554590187772397
23.8	0.31684950018326596
23.6	0.3181774469937363
23.4	0.31953036363645293
23.2	0.3209088911364852
23.	0.32231369078217365
22.8	0.3237454460401848
22.6	0.32520486270774557
22.4	0.3266926697879495
22.2	0.32820962053588537
22.	0.3297564938387211
21.8	0.3313340942353177
21.6	0.33294325406362574
21.4	0.33458483392789395
21.2	0.3362597241477218
21.	0.33796884600906196
20.8	0.3397131529318987
20.6	0.34149363176591924
20.4	0.34331130448119695
20.2	0.3451672295045146
20.	0.3470625031590512
19.8	0.3489982623261948
19.6	0.35097568385216404
19.4	0.35299598907567203
19.2	0.3550604442078489
19.	0.3571703626329312
18.8	0.3593271072073449
18.6	0.3615320924209366
18.4	0.36378678684613197
18.2	0.36609271551050493
18.	0.3684514625317606
17.8	0.37086467395837813
17.6	0.37333406078467074
17.4	0.37586140202541407
17.2	0.37844854747965584
17.	0.38109742185163287
16.8	0.3838100284270443
16.6	0.3865884518878372
16.4	0.38943486379239
16.2	0.39235152564548825
16.	0.3953407943901337
15.8	0.39840512636580644
15.6	0.40154708294044367
15.4	0.4047693358900704
15.2	0.40807467272133796
15.	0.4114660029687903
14.8	0.41494636439477434
14.6	0.4185189299496075
14.4	0.4221870151723644
14.2	0.42595408439384713
14.	0.42982376062099265
13.8	0.43379983307450715
13.6	0.4378862657147791
13.4	0.44208720780754823
13.2	0.44640700321770677
13.	0.45085020190278946
12.8	0.45542156939004896
12.6	0.4601261007838512
12.4	0.4649690321328042
12.2	0.46995585374912024
12.	0.4750923249047824
11.8	0.4803844868392225
11.6	0.48583868001907266
11.4	0.4914615591794027
11.2	0.4972601094213852
11.	0.503241665358154
10.8	0.5094139275547744
10.6	0.5157849817202074
10.4	0.5223633185571481
10.2	0.5291578495513631
10.	0.5361779303256109
10.	0.5361779303234393
9.8	0.5434333763829122
9.6	0.5509344812427407
9.4	0.5586920347872253
9.2	0.5667173351748097
9.	0.575022202124012
8.8	0.5836189835230645
8.6	0.5925205561189116
8.4	0.601740319836289
8.2	0.6112921799279277
8.	0.6211905159511559
7.8	0.6314501321074809
7.6	0.6420861832403566
7.4	0.6531140686387521
7.2	0.6645492844142644
7.	0.6764072206036563
6.8	0.6887028859537461
6.6	0.7014505367832281
6.4	0.714663179540421
6.2	0.7283519043332904
6.	0.7425249874644074
5.8	0.7571866924411947
5.6	0.7723356300635001
5.4	0.7879625255976472
5.2	0.8040471097749475
5.	0.8205536814072222
4.8	0.8374244887998225
4.6	0.8545690806671498
4.4	0.87184548662509
4.2	0.8890282208185978
4.	0.9057807285209039
30.	0.27785680004210556
30.2	0.27685680004210333
30.4	0.28378900653995326
30.6	0.28303720401003907
30.8	0.28229665047700536
31.	0.2815671164007747
31.2	0.28084837995042394
31.4	0.2801402233805116
31.6	0.2794424340635593
31.8	0.27875480569732314
32.	0.27807713613935764
32.2	0.2774092306851649
32.4	0.27675089642990275
32.6	0.27610194658982173
32.8	0.2754621988796498
33.	0.27483147569253574
33.2	0.2742096023219802
33.4	0.2735964105213049
33.6	0.27299173433649176
33.8	0.27239541262883393
34.	0.27180728760713246
34.2	0.27122720549679286
34.4	0.27065501597223035
34.6	0.27009057226622957
34.8	0.26953373113929285
35.	0.2689843526461402
35.2	0.2684422998221818
35.4	0.2679074392049098
35.6	0.26737964021398736
35.8	0.2668587750911602
36.	0.26634471932716913
36.2	0.26583735095374295
36.4	0.26533655081274204
36.6	0.2648422024132003
36.8	0.2643541919200027
37.	0.2638724077743391
37.2	0.2633967411983882
37.4	0.2629270857385695
37.6	0.2624633368337189
37.8	0.26200539311509163
38.	0.2615531544048655
38.2	0.26110652329195716
38.4	0.2606654043203737
38.6	0.26022970399252654
38.8	0.2597993309473733
39.	0.259374195587161
39.2	0.2589542103245076
39.4	0.2585392894412487
39.6	0.25812934886820404
39.8	0.2577243064936426
40.	0.2573240817279435
40.2	0.2569285955782198
40.4	0.25653777111711246
40.6	0.25615153259256646
40.8	0.2557698056714578
41.	0.2553925181354773
41.2	0.2550195985258756
41.4	0.25465097731178715
41.6	0.2542865862002802
41.8	0.25392635822885123
42.	0.25357022774629795
42.2	0.25321813071743565
42.4	0.2528700037163201
42.6	0.25252578539494835
42.8	0.25218541478125556
43.	0.2518488328455965
43.2	0.2515159811364029
43.4	0.25118680251810943
43.6	0.2508612412764976
43.8	0.2505392421711985
44.	0.250220751466146
44.2	0.249905716315081
44.4	0.2495940847979009
44.6	0.24928580618004761
44.8	0.24898083050803027
45.	0.24867910884548627
45.2	0.24838059309135957
45.4	0.24808523611982397
45.6	0.24779299157770457
45.8	0.2475038141332962
46.	0.24721765921218436
46.2	0.2469344829334248
46.4	0.24665424263160424
46.6	0.24637689579932048
46.8	0.24610240110637346
47.	0.2458307179238966
47.2	0.24556180630199198
47.4	0.24529562703118465
47.6	0.24503214162600054
47.8	0.2447713121494728
48.	0.24451310153535144
48.2	0.24425747328571146
48.4	0.24400439149544323
48.6	0.24375382089443784
48.8	0.24350572705186613
49.	0.24326007609108294
49.2	0.24301683381540914
49.4	0.24277596817111816
49.6	0.2425374466366418
49.8	0.2423012377046467
50.	0.24206730955816894