45.	0.3068484722814228
44.8	0.30693777486413903
44.6	0.3070283058499779
44.4	0.3071200863441756
44.2	0.3072131379677096
44.	0.30730748279706077
43.8	0.3074031433185311
43.6	0.307500142527908
43.4	0.30759850391703625
43.2	0.3076982514400008
43.	0.30779940961197344
42.8	0.3079020034502889
42.6	0.3080060584853741
42.4	0.30811160086359235
42.2	0.3082186572293062
42.	0.3083272548469364
41.8	0.30843742157762705
41.6	0.30854918587100894
41.4	0.30866257681692943
41.2	0.30877762414617493
41.	0.3088943582567097
40.8	0.3090128102277859
40.6	0.30913301179749225
40.4	0.30925499546404944
40.2	0.3093787944043729
40.	0.3095044426251431
39.8	0.3096319747257285
39.6	0.3097614265124492
39.4	0.3098928340537396
39.2	0.31002623461665096
39.	0.31016166618532554
38.8	0.3102991677149967
38.6	0.3104387790040132
38.4	0.31058054068041807
38.2	0.3107244947443619
38.	0.31087068356204767
37.8	0.3110191509368403
37.6	0.31116994159076555
37.4	0.31132310124010526
37.2	0.31147867676084123
37.	0.31163671637296525
36.8	0.31179726900253646
36.6	0.3119603850317067
36.4	0.3121261160781033
36.2	0.31229451494878985
36.	0.31246563577548797
35.8	0.3126395339784586
35.6	0.3128162664333062
35.4	0.312995891315705
35.2	0.31317846832211776
35.	0.3133640586398675
34.8	0.3135527249360966
34.6	0.3137445315401203
34.4	0.3139395443309984
34.2	0.31413783089315084
34.	0.31433946052869394
33.8	0.31454450435363696
33.6	0.3147530352762102
33.4	0.3149651280596771
33.2	0.31518085945840946
33.	0.3154003082418534
32.8	0.3156235551613504
32.6	0.31585068315261694
32.4	0.3160817773150845
32.2	0.3163169249950393
32.	0.3165562159380822
31.8	0.3167997421504875
31.6	0.3170475982312372
31.4	0.3172998812537611
31.2	0.31755669095067085
31.	0.317818129773423
30.8	0.318084302899005
30.6	0.3183553185025853
30.4	0.3186312876470951
30.2	0.3189123244829721
30.	0.31919854635638395
29.8	0.31949007381554884
29.6	0.31978703089329685
29.4	0.32008954500085834
29.2	0.3203977471990353
29.	0.3207117722247874
28.8	0.3210317587522534
28.6	0.32135784929388495
28.4	0.3216901904912305
28.2	0.32202893321906834
28.	0.3223742327686736
27.8	0.3227262488684143
27.6	0.3230851459604594
27.4	0.3234510932323516
27.2	0.32382426490068716
27.	0.3242048403916109
26.8	0.3245930043038366
26.6	0.32498894686883034
26.4	0.3253928639276171
26.2	0.3258049572049488
26.	0.3262254345646482
25.8	0.3266545100417547
25.6	0.3270924043319439
25.4	0.3275393446743159
25.2	0.3279955654353863
25.	0.32846130809600804
24.8	0.3289368215132103
24.6	0.3294223623504127
24.4	0.32991819521839194
24.2	0.3304245929307914
24.	0.3309418368237857
23.8	0.33147021711372604
23.6	0.3320100331329148
23.4	0.33256159357096754
23.2	0.33312521705200226
23.	0.33370123215184855
22.8	0.3342899780628453
22.6	0.33489180464547263
22.4	0.3355070730954309
22.2	0.3361361561647728
22.	0.3367794385704414
21.8	0.33743731739153054
21.6	0.33811020263456965
21.4	0.3387985174947008
21.2	0.3395026989597365
21.	0.3402231980473525
20.8	0.3409604806364867
20.6	0.3417150276362975
20.4	0.3424873355221627
20.2	0.343277917133438
20.	0.3440873019494912
19.8	0.34491603652646186
19.6	0.34576468534443533
19.4	0.34663383117811086
19.2	0.34752407580152905
19.	0.3484360403372371
18.8	0.349370366046975
18.6	0.3503277148569509
18.4	0.3513087698930352
18.2	0.3523142361560662
18.	0.35334484104336256
17.8	0.3544013350186701
17.6	0.35548449196677817
17.4	0.35659511019280793
17.2	0.3577340124326785
17.	0.3589020468006032
16.8	0.36010008708324076
16.6	0.36132903324137733
16.4	0.3625898119766182
16.2	0.36388337697169315
16.	0.3652107091611594
15.8	0.36657281725008156
15.6	0.36797073779110795
15.4	0.3694055354232536
15.2	0.37087830261961524
15.	0.3723901601812712
14.8	0.3739422565999753
14.6	0.3755357681611829
14.4	0.3771718985782548
14.2	0.37885187830796296
14.	0.380576964094801
13.8	0.38234843829454856
13.6	0.3841676080641837
13.4	0.38603580429091827
13.2	0.3879543806967308
13.	0.38992471253537236
12.8	0.39194819519588914
12.6	0.39402624364229305
12.4	0.39616028993422586
12.2	0.39835178295620455
12.	0.40060218656871016
11.8	0.40291297839732626
11.6	0.4052856488187491
11.4	0.40772170054840123
11.2	0.4102226462007287
11.	0.4127900096495135
10.8	0.4154253239956976
10.6	0.41813013124585824
10.4	0.42090598279395536
10.2	0.4237544364876605
10.	0.4266770566524188
45.	0.3068484722814228
45.2	0.30676037735409817
45.4	0.30667346977729537
45.6	0.3065877296581038
45.8	0.30650313751831687
46.	0.30641967425028166
46.2	0.3063373211496603
46.4	0.3062560598667335
46.6	0.3061758724309943
46.8	0.3060967412229288
47.	0.3060186489955103
47.2	0.3059415787920319
47.4	0.3058655139998172
47.6	0.30579043838284015
47.8	0.3057163359856188
48.	0.305643191139803
48.2	0.30557098854110415
48.4	0.3054997130963254
48.6	0.30542935007284
48.8	0.3053598850108033
49.	0.30529130371050633
49.2	0.3052235922492921
49.4	0.3051567369484412
49.6	0.3050907244123769
49.8	0.3050255414952328
50.	0.3049611752983048
50.2	0.30489761318119885
50.4	0.3048348426651189
50.6	0.3047728516176324
50.8	0.30471162805160185
51.	0.30465116020272826
51.2	0.30459143657480714
51.4	0.30453244583634287
51.6	0.30447417685037004
51.8	0.30441661878435133
52.	0.3043597608554961
52.2	0.30430359258591283
52.4	0.30424810367508326
52.6	0.304193283936765
52.8	0.3041391234334179
53.	0.30408561242342574
53.2	0.30403274126865476
53.4	0.3039805005476108
53.6	0.3039288809840421
53.8	0.3038778735210661
54.	0.30382746916993103
54.2	0.30377765919037814
54.4	0.30372843492023116
54.6	0.30367978791800304
54.8	0.30363170982307175
55.	0.3035841924775155
55.2	0.3035372278168262
55.4	0.3034908079492944
55.6	0.30344492510829785
55.8	0.30339957164394976
56.	0.30335474008742586
56.2	0.30331042303564315
56.4	0.303266613228804
56.6	0.30322330358094945
56.8	0.30318048704615946
57.	0.30313815675628936
57.2	0.3030963059287814
57.4	0.30305492790285193
57.6	0.3030140161600205
57.8	0.3029735642171278
58.	0.30293356576994784
58.2	0.30289401457909154
58.4	0.3028549045386847
58.6	0.3028162296017008
58.8	0.30277798386905996
59.	0.30274016148684774
59.2	0.3027027567401814
59.4	0.3026657639924325
59.6	0.3026291776873929
59.8	0.3025929923649968
60.	0.3025572026677397
60.2	0.3025218032938719
60.4	0.3024867890723342
60.6	0.3024521548605074
60.8	0.3024178956556467
61.	0.3023840064710096
61.2	0.30235048246034146
61.4	0.3023173188070214
61.6	0.30228451078962676
61.8	0.3022520537681353
62.	0.30221994317886913
62.2	0.30218817449144497
62.4	0.3021567432871876
62.6	0.30212564521902785
62.8	0.30209487596406154
63.	0.30206443131436256
63.2	0.30203430709546963
63.4	0.30200449920121936
63.6	0.3019750036040809
63.8	0.3019458163314741
64.	0.3019169334656489
64.2	0.30188835114473656
64.4	0.30186006557968803
64.6	0.3018320730278697
64.8	0.3018043698087132
65.	0.30177695230794876
65.2	0.3017498169374731
65.4	0.30172296018032196
65.6	0.30169637857340764
65.8	0.3016700687041237
66.	0.30164402721275285
66.2	0.3016182507693252
66.4	0.3015927361295713
66.6	0.3015674800693031
66.8	0.30154247941228807
67.	0.30151773104465357
67.2	0.30149323189207117
67.4	0.3014689789068265
67.6	0.3014449691277722
67.8	0.30142119958094343
68.	0.3013976673890885
68.2	0.30137436967762093
68.4	0.3013513036421361
68.6	0.30132846648884737
68.8	0.3013058554896063
69.	0.3012834679563494
69.2	0.30126130120085065
69.4	0.30123935262295826
69.6	0.30121761963154725
69.8	0.3011960996829581
70.	0.30117479025461164
70.2	0.3011536888821962
70.4	0.30113279311358215
70.6	0.3011121005400434
70.8	0.30109160879920255
71.	0.3010713155371362
71.2	0.30105121846521626
71.4	0.30103131528423815
71.6	0.3010116037599148
71.8	0.3009920816762725
72.	0.30097274685840214
72.2	0.3009535971449752
72.4	0.3009346304233361
72.6	0.3009158445877648
72.8	0.300897237563534
73.	0.30087880733721295
73.2	0.30086055188249733
73.4	0.30084246923271285
73.6	0.3008245574209131
73.8	0.30080681451486885
74.	0.3007892386148923
74.2	0.3007718278514742
74.4	0.30075458035499725
74.6	0.30073749430928093
74.8	0.3007205679130583
75.	0.30070379938557995
75.2	0.3006871869674519
75.4	0.3006707289244304
75.6	0.3006544235542048
75.8	0.300638269168939
76.	0.3006222641017435
76.2	0.30060640670918615
76.4	0.3005906953672779
76.6	0.3005751284905773
76.8	0.3005597044863204
77.	0.30054442179482793
77.2	0.300529278877443
77.4	0.3005142742300244
77.6	0.3004994063436323
77.8	0.3004846737402554
78.	0.3004700749578911
78.2	0.30045560855930853
78.4	0.3004412731125727
78.6	0.3004270672229598
78.8	0.3004129894913178
79.	0.3003990385623669
79.2	0.30038521308536653
79.4	0.3003715117091104
79.6	0.30035793312559006
79.8	0.30034447603192593
80.	0.3003311391514557