45.	0.3189485823978551
44.8	0.31909162407289743
44.6	0.3192363861267615
44.4	0.3193828964398816
44.2	0.3195311835812892
44.	0.31968127664399737
43.8	0.3198332052856186
43.6	0.31998699981672124
43.4	0.320142691198654
43.2	0.32030031098287476
43.	0.32045989139087055
42.8	0.3206214653486432
42.6	0.3207850664148477
42.4	0.32095072894115645
42.2	0.3211184879185557
42.	0.32128837910622265
41.8	0.321460439092617
41.6	0.3216347051910585
41.4	0.3218112154412185
41.2	0.3219900089053058
41.	0.3221711253400181
40.8	0.3223546053149293
40.6	0.32254049049245076
40.4	0.3227288232860142
40.2	0.32291964710392873
40.	0.32311300631453027
39.8	0.323308946240637
39.6	0.3235075132548831
39.4	0.3237087547531034
39.2	0.3239127192174326
39.	0.3241194561914716
38.8	0.32432901638318573
38.6	0.324541451639081
38.4	0.3247568149780122
38.2	0.32497516067573107
38.	0.3251965442440554
37.8	0.3254210224889521
37.6	0.3256486535246159
37.4	0.32587949681723893
37.2	0.32611361335243094
37.	0.3263510654001407
36.8	0.3265919166864261
36.6	0.3268362326430896
36.4	0.327084080145023
36.2	0.3273355276944899
36.	0.327590645439907
35.8	0.3278495053156338
35.6	0.3281121807828265
35.4	0.3283787473627408
35.2	0.3286492823840881
35.	0.3289238649632059
34.8	0.32920257634579
34.6	0.329485499568312
34.4	0.3297727199846366
34.2	0.3300643250800268
34.	0.33036040425754243
33.8	0.3306610496303235
33.6	0.3309663554018583
33.4	0.3312764182362833
33.2	0.33159133728951845
33.	0.3319112143160886
32.8	0.3322361536873366
32.6	0.3325662625272908
32.4	0.33290165076921363
32.2	0.33324243121116026
32.	0.3335887197308888
31.8	0.3339406352205954
31.6	0.3342982997898964
31.4	0.3346618388195663
31.2	0.3350313811034071
31.	0.335407058931379
30.8	0.33578900819369123
30.6	0.33617736852400526
30.4	0.3365722834101387
30.2	0.33697390031238156
30.	0.3373823708207917
29.8	0.33779785068300655
29.6	0.3382205002932936
29.4	0.33865048414793114
29.2	0.33908797185970696
29.	0.3395331376106386
28.8	0.3399861606902392
28.6	0.3404472255221657
28.4	0.34091652190532307
28.2	0.34139424521493406
28.	0.34188059652577796
27.8	0.3423757827631407
27.6	0.34288001709004945
27.4	0.34339351889942155
27.2	0.34391651429492914
27.	0.3444492360783604
26.8	0.34499192404602197
26.6	0.34554482557810673
26.4	0.3461081951739916
26.2	0.34668229538181966
26.	0.34726739693747743
25.8	0.34786377876189234
25.6	0.3484717286512416
25.4	0.34909154344990023
25.2	0.34972352918375266
25.	0.35036800163044113
24.8	0.35102528687937345
24.6	0.35169572106257363
24.4	0.35237965133796034
24.2	0.3530774361858818
24.	0.35378944560346254
23.8	0.3545160619134611
23.6	0.35525767975488237
23.4	0.3560147065952447
23.2	0.3567875642620516
23.	0.357576687799083
22.8	0.3583825272524968
22.6	0.3592055479925945
22.4	0.36004623095530097
22.2	0.36090507340963013
22.	0.3617825900099402
21.8	0.3626793127145201
21.6	0.3635957921518116
21.4	0.36453259849372466
21.2	0.3654903211108786
21.	0.3664695703096977
20.8	0.36747097837651804
20.6	0.36849519957498733
20.4	0.3695429121239398
20.2	0.37061481775584243
20.	0.37171164397926193
19.8	0.37283414437093804
19.6	0.3739831002752267
19.4	0.3751593216574016
19.2	0.3763636469677884
19.	0.3775969473103801
18.8	0.37886012487310466
18.6	0.3801541154612279
18.4	0.38147989014812883
18.2	0.38283845552059476
18.	0.38423085743303326
17.8	0.3856581795621029
17.6	0.3871215466120776
17.4	0.3886221275872604
17.2	0.390161133162264
17.	0.39173982295680354
16.8	0.39335950209471193
16.6	0.39502152689839026
16.4	0.39672730516476123
16.2	0.3984782980873413
16.	0.4002760224063585
15.8	0.40212205381344635
15.6	0.40401802616246757
15.4	0.4059656376550438
15.2	0.407966648116434
15.	0.4100228851649821
14.8	0.41213624499445406
14.6	0.4143086927347616
14.4	0.4165422666257356
14.2	0.41883907946000665
14.	0.421201318333794
13.8	0.42363124925221396
13.6	0.4261312150741254
13.4	0.42870363843259957
13.2	0.43135102156558036
13.	0.4340759457539428
12.8	0.43688107141959454
12.6	0.4397691351743905
12.4	0.44274294861611924
12.2	0.44580539391544133
12.	0.4489594192848986
11.8	0.45220803142690535
11.6	0.4555542879303751
11.4	0.4590012862679777
11.2	0.4625521502655164
11.	0.466210014569391
10.8	0.4699780042395767
10.6	0.4738592128615528
10.4	0.47785667454942365
10.2	0.481973333740706
10.	0.4862120081439637
45.	0.3189485823978551
45.2	0.31880723368534675
45.4	0.31866755106583233
45.6	0.3185295082633273
45.8	0.3183930794361245
46.	0.3182582393159365
46.2	0.3181249630636255
46.4	0.317993226417427
46.6	0.3178630054761555
46.8	0.3177342768350765
47.	0.3176070176004561
47.2	0.31748120520809625
47.4	0.3173568176316809
47.6	0.31723383321976445
47.8	0.31711223066019095
48.	0.31699198917837046
48.2	0.31687308828231625
48.4	0.3167555079012853
48.6	0.3166392283356054
48.8	0.31652423027935384
49.	0.31641049469959887
49.2	0.3162980030321185
49.4	0.31618673696628335
49.6	0.3160766785496629
49.8	0.31596781019088027
50.	0.3158601145443482
50.2	0.31575357465737963
50.4	0.31564817383385924
50.6	0.31554389569457464
50.8	0.3154407241542867
51.	0.3153386434073684
51.2	0.31523763796594095
51.4	0.3151376925591107
51.6	0.31503879222141923
51.8	0.31494092224928333
52.	0.31484406816087285
52.2	0.3147482158113303
52.4	0.3146533511812012
52.6	0.3145594606246878
52.8	0.3144665306289738
53.	0.31437454795925734
53.2	0.3142834996335899
53.4	0.3141933728334723
53.6	0.31410415502017774
53.8	0.3140158337889335
54.	0.3139283970319926
54.2	0.3138418328130715
54.4	0.31375612936562003
54.6	0.31367127515019655
54.8	0.3135872588269808
55.	0.3135040692584803
55.2	0.31342169543236886
55.4	0.31334012656610344
55.6	0.31325935205512584
55.8	0.3131793614676218
56.	0.31310014450732554
56.2	0.31302169110694167
56.4	0.3129439913140625
56.6	0.3128670353503962
56.8	0.3127908136107587
57.	0.3127153166406429
57.2	0.3126405351185105
57.4	0.3125664598901262
57.6	0.3124930819485501
57.8	0.312420392432547
58.	0.3123483826031419
58.2	0.312277043875305
58.4	0.31220636779803534
58.6	0.31213634604588336
58.8	0.3120669704445946
59.	0.31199823291905715
59.2	0.3119301255383345
59.4	0.3118626404965897
59.6	0.3117957700918234
59.8	0.3117295067656045
60.	0.3116638430560229
60.2	0.31159877161721883
60.4	0.31153428524296456
60.6	0.31147037679456197
60.8	0.31140703926091085
61.	0.31134426574792634
61.2	0.31128204947661536
61.4	0.31122038370597177
61.6	0.3111592618789129
61.8	0.31109867749910114
62.	0.311038624146024
62.2	0.31097909553871467
62.4	0.31092008544036576
62.6	0.3108615877534676
62.8	0.31080359645966865
63.	0.31074610558849663
63.2	0.3106891093107603
63.4	0.31063260185510383
63.6	0.310576577563595
63.8	0.3105210307941806
64.	0.310465956048946
64.2	0.3104113479089902
64.4	0.31035720098954417
64.6	0.3103035100100156
64.8	0.31025026978824344
65.	0.3101974751638031
65.2	0.3101451210983515
65.4	0.3100932026039266
65.6	0.3100417147554264
65.8	0.3099906527134917
66.	0.3099400116910883
66.2	0.3098897869932151
66.4	0.3098399739675485
66.6	0.3097905680249145
66.8	0.30974156468949604
67.	0.3096929594673041
67.2	0.3096447479808887
67.4	0.3095969258610191
67.6	0.309549488873148
67.8	0.30950243281510886
68.	0.309455753535817
68.2	0.3094094469494317
68.4	0.30936350894819925
68.6	0.30931793562572246
68.8	0.30927272300626063
69.	0.30922786720289597
69.2	0.30918336440247335
69.4	0.3091392108471181
69.6	0.3090954027807784
69.8	0.30905193660001384
70.	0.30900880853086266
70.2	0.30896601512233823
70.4	0.30892355285027284
70.6	0.3088814181426609
70.8	0.30883960771635416
71.	0.30879811791719336
71.2	0.30875694562977446
71.4	0.30871608748787455
71.6	0.308675540209564
71.8	0.30863530059550714
72.	0.3085953654659286
72.2	0.3085557316802644
72.4	0.3085163961534634
72.6	0.3084773558176687
72.8	0.30843860773037296
73.	0.3084001487403236
73.2	0.3083619760653376
73.4	0.30832408677278567
73.6	0.3082864779673886
73.8	0.30824914685006877
74.	0.30821209061935195
74.2	0.3081753065202838
74.4	0.30813879182891496
74.6	0.30810254385782565
74.8	0.3080665599560086
75.	0.30803083749913973
75.2	0.3079953739017718
75.4	0.3079601666114295
75.6	0.30792521309543897
75.8	0.3078905108729326
76.	0.30785605750914624
76.2	0.30782185048323996
76.4	0.3077878875185586
76.6	0.3077541660585146
76.8	0.3077206839408268
77.	0.3076874387865925
77.2	0.30765442831012063
77.4	0.3076216502461097
77.6	0.3075891023769053
77.8	0.307556782477677
78.	0.30752468841213715
78.2	0.30749281794530375
78.4	0.3074611690748224
78.6	0.3074297395567976
78.8	0.30739852740570217
79.	0.30736753060357186
79.2	0.30733674703978453
79.4	0.3073061747035454
79.6	0.30727581170087304
79.8	0.30724565608494403
80.	0.30721570575836243