30.	2.0784963397600606e-8
29.8	2.148613827079485e-8
29.6	2.2215979450255158e-8
29.4	2.2977232157387876e-8
29.2	2.3764791489433654e-8
29.	2.4581897307981155e-8
28.8	2.5429575321353838e-8
28.6	2.630844538215033e-8
28.4	2.7221977667618594e-8
28.2	2.816927169840142e-8
28.	2.9152434310064736e-8
27.8	3.0172832960267654e-8
27.6	3.123335025484896e-8
27.4	3.2331987324348345e-8
27.2	3.347371461339129e-8
27.	3.465894081053441e-8
26.8	3.589043266845594e-8
26.6	3.716857264354969e-8
26.4	3.8496263229063316e-8
26.2	3.9874929033560026e-8
26.	4.13070138932084e-8
25.8	4.279474400414198e-8
25.6	4.433978113923796e-8
25.4	4.594509800425143e-8
25.2	4.7612585718566254e-8
25.	4.934467357708671e-8
24.8	5.1144765355556585e-8
24.6	5.30163668508658e-8
24.4	5.495931296619906e-8
24.2	5.697902171290702e-8
24.	5.9076911362667905e-8
23.8	6.125358161223346e-8
23.6	6.352342070143982e-8
23.4	6.58780662336188e-8
23.2	6.83246437118237e-8
23.	7.086770104154446e-8
22.8	7.35094081031649e-8
22.6	7.625523356685649e-8
22.4	7.910853509559216e-8
22.2	8.207416979642787e-8
22.	8.515327776744116e-8
21.8	8.83530132078545e-8
21.6	9.167795995612647e-8
21.4	9.513232240744237e-8
21.2	9.871985342385491e-8
21.	1.0244616399291333e-7
20.8	1.063159456582106e-7
20.6	1.1033381734257134e-7
20.4	1.1450562868702061e-7
20.2	1.1883344158305812e-7
20.	1.2331117130930903e-7
19.8	1.2799524475083059e-7
19.6	1.3283633708879226e-7
19.4	1.3785318535402146e-7
19.2	1.4305418035063916e-7
19.	1.4844909111344555e-7
18.8	1.5404458105781518e-7
18.6	1.5983144725889756e-7
18.4	1.6583047015299147e-7
18.2	1.7205747027017318e-7
18.	1.7846039222578202e-7
17.8	1.8510739829653565e-7
17.6	1.919676314835098e-7
17.4	1.9905245735720766e-7
17.2	2.0637418425587756e-7
17.	2.1392650062180336e-7
16.8	2.2171984864193952e-7
16.6	2.2971826882437612e-7
16.4	2.3795780147391301e-7
16.2	2.464249930379362e-7
16.	2.551126229964508e-7
15.8	2.640162447394581e-7
15.6	2.731274647465166e-7
15.4	2.824293972052632e-7
15.2	2.919083737021395e-7
15.	3.015467605277627e-7
14.8	3.1131988493956e-7
14.6	3.2119881220546057e-7
14.4	3.311421071679984e-7
14.2	3.411053076443465e-7
14.	3.5102822950142955e-7
13.8	3.6084774571415124e-7
13.6	3.70468257700613e-7
13.4	3.797870289339518e-7
13.2	3.886700325888581e-7
13.	3.969502879922769e-7
12.8	4.0440896141960815e-7
12.6	4.1077497307115824e-7
12.4	4.157093135812353e-7
12.2	4.1875279847279203e-7
12.	4.193311998661602e-7
11.8	4.166622655276717e-7
11.6	4.097287818496204e-7
11.4	3.972109579677534e-7
11.2	3.770846138811339e-7
11.	3.4699166479090273e-7
10.8	3.0339168685506244e-7
10.6	2.414626614685541e-7
10.4	1.5444544473965845e-7
10.2	3.28346940184679e-8
10.	-1.3689390809639838e-7
10.	-1.3682041699827476e-7
9.8	-3.7405974588040555e-7
9.6	-7.064971172584764e-7
9.4	-1.1746432613416461e-6
9.2	-1.8375657332756513e-6
9.	-2.782100241466543e-6
8.8	-4.136723726870645e-6
8.6	-6.092670560018241e-6
8.4	-8.935997712319518e-6
8.2	-0.000013096480914926181
8.	-0.000019222537163421664
7.8	-0.00002829495832615347
7.6	-0.00004179984140889386
7.4	-0.00006198804407332678
7.2	-0.00009226181980878958
7.	-0.00013773925152852555
6.8	-0.00020605351759143514
6.6	-0.0003084624230727144
6.4	-0.00046128504637298713
6.2	-0.0006876676442103271
6.	-0.0010195573742435564
5.8	-0.0014996220251104304
5.6	-0.0021827696627519854
5.4	-0.003136908788323148
5.2	-0.004442769813497199
5.	-0.006192913800054121
4.8	-0.008490352160774066
4.6	-0.011447297927258437
4.4	-0.015188775911558962
4.2	-0.019070021700259975
4.	-0.025163319700998315
30.	2.0784963397600606e-8
30.2	2.0099913497127237e-8
30.4	1.944139676968855e-8
30.6	1.881068302307888e-8
30.8	1.8200202996429385e-8
31.	1.761133123056572e-8
31.2	1.704321292995681e-8
31.4	1.6497376424264254e-8
31.6	1.596622621430877e-8
31.8	1.545575097379207e-8
32.	1.4963347549235798e-8
32.2	1.4491699619837846e-8
32.4	1.4028973131094008e-8
32.6	1.3586010588673927e-8
32.8	1.3186635099081234e-8
33.	1.2749671358338608e-8
33.2	1.2345557900724395e-8
33.4	1.1961356289326782e-8
33.6	1.1589335146391134e-8
33.8	1.1229052548696129e-8
34.	1.0882897627584463e-8
34.2	1.0547519658609732e-8
34.4	1.0223460845731494e-8
34.6	9.910327057297197e-9
34.8	9.607687486386914e-9
35.	9.315197309548064e-9
35.2	9.032479567748317e-9
35.4	8.759161414064852e-9
35.6	8.494878667370822e-9
35.8	8.239327031006923e-9
36.	7.992369998374951e-9
36.2	7.753398319964123e-9
36.4	7.522317655308976e-9
36.6	7.298774106642943e-9
36.8	7.082544527443513e-9
37.	6.8733354283021815e-9
37.2	6.670930948863516e-9
37.4	6.475069094519501e-9
37.6	6.2854924940020476e-9
37.8	6.102009720401021e-9
38.	5.924458290101467e-9
38.2	5.752568409097523e-9
38.4	5.586181407325194e-9
38.6	5.4259021874638995e-9
38.8	5.269059584764893e-9
39.	5.117977111649316e-9
39.2	4.974251345597098e-9
39.4	4.829936209575137e-9
39.6	4.692179192971661e-9
39.8	4.559670075948448e-9
40.	4.430795139023744e-9
40.2	4.305932324094423e-9
40.4	4.184997335725919e-9
40.6	4.067769937106611e-9
40.8	3.954195646726341e-9
41.	3.8442319143100516e-9
41.2	3.73733421889067e-9
41.4	3.6337681840731793e-9
41.6	3.5334617605179477e-9
41.8	3.4361419456966287e-9
42.	3.341727976018161e-9
42.2	3.250321145032532e-9
42.4	3.163017221471224e-9
42.6	3.075581617852251e-9
42.8	2.992057514528476e-9
43.	2.911046240065904e-9
43.2	2.8325436339364484e-9
43.4	2.756199929667468e-9
43.6	2.6822444568547686e-9
43.8	2.6204251922499558e-9
44.	2.5407036801440444e-9
44.2	2.473021825742342e-9
44.4	2.407413388658722e-9
44.6	2.343668952414022e-9
44.8	2.279518452461712e-9
45.	2.2216837444509255e-9
45.2	2.163364271625315e-9
45.4	2.1066979410167134e-9
45.6	2.051665815165932e-9
45.8	1.99839461047142e-9
46.	1.9463102577582566e-9
46.2	1.8958792641698335e-9
46.4	1.846890137236935e-9
46.6	1.7992945258064125e-9
46.8	1.753086798295282e-9
47.	1.7081452945118761e-9
47.2	1.6640518354771224e-9
47.4	1.6220080452178605e-9
47.6	1.5807841694437754e-9
47.8	1.5406713938963547e-9
48.	1.5016819705436322e-9
48.2	1.4637959031641631e-9
48.4	1.4269399488164278e-9
48.6	1.3911618995324793e-9
48.8	1.3563245727634642e-9
49.	1.3224240559010258e-9
49.2	1.2895044936653236e-9
49.4	1.257121879840073e-9
49.6	1.2262943014419529e-9
49.8	1.195978149211289e-9
50.	1.1664778900828676e-9