1.6666666666666667	0.33722607758824297
1.6500000000000001	0.33698197196645924
1.6333333333333333	0.33673758804714293
1.6166666666666667	0.33649292350216636
1.6	0.33624797633283393
1.5833333333333333	0.33600274358120635
1.5666666666666667	0.3357572229882984
1.55	0.33551141252483935
1.5333333333333334	0.3352653093478321
1.5166666666666668	0.3350189108032391
1.5	0.3347722149416076
1.4833333333333334	0.3345252182019111
1.4666666666666668	0.3342779190956457
1.45	0.33403031386944837
1.4333333333333333	0.3337824003923354
1.4166666666666667	0.3335341759034688
1.4	0.33328563753692225
1.3833333333333333	0.3330367826934859
1.366666666666667	0.3327876081035122
1.35	0.3325381108430749
1.3333333333333335	0.3322882880807259
1.3166666666666669	0.33203813675156624
1.3	0.33178765384452535
1.2833333333333334	0.33153683626755037
1.2666666666666668	0.3312856807292402
1.25	0.3310341841362707
1.2333333333333334	0.33078234323903477
1.2166666666666668	0.3305301545420422
1.2	0.33027761480545853
1.1833333333333333	0.330024720636431
1.1666666666666667	0.32977146855541595
1.15	0.32951785477528517
1.1333333333333333	0.3292638759450101
1.1166666666666667	0.3290095282995256
1.0999999999999999	0.3287548081875744
1.0833333333333335	0.328499711838544
1.0666666666666667	0.3282442352831933
1.05	0.3279883745764969
1.0333333333333334	0.32773212592563655
1.0166666666666666	0.3274754851927407
1.	0.3272184482271245
0.9833333333333335	0.32696101105714426
0.9666666666666668	0.32670316891695284
0.9500000000000002	0.32644491784437474
0.9333333333333335	0.32618625352759373
0.9166666666666667	0.32592717125617576
0.9000000000000001	0.3256676666807227
0.8833333333333334	0.3254077347927049
0.8666666666666667	0.32514737111098607
0.8500000000000001	0.3248865708058248
0.8333333333333334	0.3246253289892614
0.8166666666666667	0.32436364062433515
0.8	0.32410150060816906
0.7833333333333333	0.32383890394863657
0.7666666666666666	0.32357584524322863
0.75	0.32331231916396436
0.7333333333333333	0.32304832027039376
0.7166666666666668	0.3227838430279055
0.7000000000000001	0.32251888181978566
0.6833333333333335	0.32225343089805847
0.6666666666666667	0.3219874843285215
0.65	0.3217210363093182
0.6333333333333334	0.3214540806638675
0.6166666666666667	0.3211866112424874
0.6	0.32091862186159026
0.5833333333333334	0.3206501060108955
0.5666666666666667	0.3203810571807797
0.5499999999999999	0.3201114689189626
0.5333333333333333	0.3198413343079547
0.5166666666666668	0.31957064650664413
0.5000000000000001	0.3192993986174604
0.4833333333333334	0.3190275834987708
0.46666666666666673	0.3187551938861266
0.45000000000000007	0.31848222246309327
0.43333333333333335	0.3182086617086264
0.4166666666666667	0.31793450437539916
0.4	0.31765974165990074
0.3833333333333333	0.31738436702420597
0.36666666666666664	0.3171083715096402
0.35	0.3168317471943775
0.33333333333333326	0.31655448594318075
0.3166666666666666	0.3162765793304855
0.3000000000000001	0.3159980185154136
0.28333333333333344	0.3157187949607571
0.2666666666666667	0.31543889989353646
0.25000000000000006	0.315158324318601
0.23333333333333336	0.3148770588521558
0.21666666666666667	0.31459509472845615
0.2	0.31431242182673946
0.18333333333333332	0.31402903113930997
0.16666666666666663	0.3137449128269914
0.14999999999999997	0.31346005704645274
0.13333333333333328	0.31317445391313226
0.11666666666666659	0.31288809321227384
0.10000000000000009	0.312600964862978
0.08333333333333341	0.31231305822514627
0.06666666666666674	0.3120243629461607
0.050000000000000044	0.31173486794567135
0.03333333333333337	0.31144456289306394
0.016666666666666684	0.31115343753350866
0.	0.3108614790463535
1.6666666666666667	0.33722607758824297
1.6833333333333333	0.3374699071382871
1.7000000000000002	0.33771346289552023
1.7166666666666668	0.3379567472395879
1.7333333333333334	0.3381997621090144
1.7500000000000002	0.3384425097940077
1.7666666666666668	0.3386849926548752
1.7833333333333334	0.3389272122464288
1.8000000000000003	0.3391691710410475
1.8166666666666669	0.3394108711109066
1.8333333333333335	0.3396523140886305
1.8500000000000003	0.33989350232219284
1.866666666666667	0.34013443775117
1.8833333333333333	0.340375122091632
1.9000000000000004	0.3406155575096102
1.9166666666666665	0.3408557456137393
1.9333333333333333	0.3410956885070517
1.95	0.3413353879454799
1.9666666666666666	0.34157484565101953
1.9833333333333334	0.3418140635819923
2.	0.3420530433016013
2.0166666666666666	0.34229178687617595
2.033333333333333	0.3425302956490398
2.0500000000000003	0.3427685715113224
2.066666666666667	0.3430066162837451
2.0833333333333335	0.34324443135695026
2.1	0.3434820185012888
2.1166666666666667	0.3437193793540126
2.1333333333333333	0.34395651549698203
2.1500000000000004	0.3441934285440792
2.166666666666667	0.344430119949719
2.1833333333333336	0.34466659147801537
2.2	0.34490284442068675
2.216666666666667	0.3451388802865062
2.2333333333333334	0.34537470087368416
2.2500000000000004	0.34561030720327396
2.2666666666666666	0.3458457011015353
2.2833333333333337	0.34608088386252783
2.3	0.34631585697979705
2.316666666666667	0.3465506216873061
2.3333333333333335	0.3467851795406167
2.35	0.34701953187328755
2.3666666666666667	0.3472536800418396
2.3833333333333333	0.34748762540120803
2.4	0.3477213692519666
2.4166666666666665	0.34795491285536406
2.4333333333333336	0.3481882576471959
2.45	0.34842140486565204
2.466666666666667	0.348654355732017
2.4833333333333334	0.3488871115103766
2.5	0.3491196735267682
2.5166666666666666	0.34935204289651106
2.5333333333333337	0.3495842209103339
2.5500000000000003	0.3498162087750532
2.566666666666667	0.3500480076517559
2.5833333333333335	0.3502796187430649
2.6	0.3505110432326545
2.6166666666666667	0.3507422822269413
2.6333333333333337	0.35097333687835075
2.65	0.35120420835350336
2.666666666666667	0.3514348977248074
2.683333333333333	0.35166540614506064
2.7	0.35189573464810336
2.716666666666667	0.35212588439327447
2.733333333333334	0.35235585641764006
2.75	0.3525856517904763
2.766666666666667	0.35281527153947073
2.783333333333333	0.3530447167505249
2.8000000000000003	0.35327398841386337
2.816666666666667	0.35350308758554827
2.8333333333333335	0.35373201524630415
2.85	0.3539607724313899
2.8666666666666667	0.35418936008550084
2.8833333333333333	0.3544177792412957
2.9	0.3546460308137064
2.916666666666667	0.35487411578514866
2.9333333333333336	0.3551020352051443
2.95	0.35532978988671027
2.966666666666667	0.3555573808041858
2.9833333333333334	0.35578480896790454
3.	0.3560120751271636
3.016666666666667	0.35623918063459564
3.033333333333333	0.3564661255203596
3.0500000000000003	0.3566929113302337
3.0666666666666664	0.35691953898502804
3.0833333333333335	0.3571460095921299
3.1	0.3573723227308213
3.116666666666667	0.35759848042841597
3.1333333333333333	0.35782448338686906
3.1500000000000004	0.3580503323159193
3.1666666666666665	0.3582760280197505
3.1833333333333336	0.3585015713741314
3.2	0.3587269631579234
3.2166666666666672	0.35895220425444174
3.2333333333333334	0.35917729549123206
3.25	0.35940223747666633
3.2666666666666666	0.3596270312804602
3.283333333333333	0.35985167733903184
3.3000000000000003	0.36007617673000775
3.316666666666667	0.36030053005424795
3.3333333333333335	0.3605247382313271
3.3499999999999996	0.3607488020174926
3.3666666666666667	0.3609727219279319
3.3833333333333337	0.36119649902546863
3.4000000000000004	0.36142013354808283
3.4166666666666665	0.3616436267415949
3.4333333333333336	0.3618669793572401
3.4500000000000006	0.36209019153991556
3.466666666666667	0.36231326461010055
3.4833333333333334	0.36253619889624067
3.5000000000000004	0.36275899539468803
3.5166666666666675	0.3629816544860943
3.5333333333333337	0.3632041771968529
3.55	0.3634265636944569
3.5666666666666664	0.3636488152960336
3.5833333333333335	0.36387093219129824
3.6000000000000005	0.3640929153104596
3.6166666666666667	0.36431476522680734
3.633333333333333	0.3645364826582654
3.65	0.3647580681548652
3.666666666666667	0.36497952236924047
3.6833333333333336	0.36520084604771874
3.6999999999999997	0.3654220396911541
3.716666666666667	0.36564310381929865
3.733333333333334	0.365864039458559
3.75	0.36608484692776505
3.7666666666666666	0.3663055268788286
3.7833333333333337	0.3665260799440634
3.8000000000000007	0.36674650674828047
3.816666666666667	0.36696680816551286
3.833333333333333	0.3671869840681047
3.85	0.36740703545193687
3.866666666666667	0.3676269630724879
3.8833333333333337	0.3678467673658835
3.9	0.368066448951408
3.916666666666667	0.3682860083029337
3.933333333333334	0.3685054461800092
3.95	0.368724762785978
3.966666666666667	0.36894395902063315
3.983333333333333	0.3691630353331193
4.	0.36938199221377055
4.0166666666666675	0.369600830293637
4.033333333333333	0.3698195500884924
4.05	0.3700381520725159
4.066666666666666	0.3702566369471399
4.083333333333334	0.3704750049664642
4.1000000000000005	0.370693256862397
4.116666666666666	0.3709113931746287
4.133333333333334	0.3711294141034512
4.15	0.371347320764414
4.166666666666667	0.371565113150768
4.183333333333334	0.3717827920883655
4.2	0.3720003577526807
4.216666666666668	0.3722178108101439
4.233333333333333	0.3724351518650032
4.25	0.37265238127482414
4.266666666666667	0.3728694992740769
4.283333333333334	0.37308650710686647
4.300000000000001	0.37330340462974837
4.316666666666666	0.3735201921706215
4.333333333333334	0.3737368710105596
4.3500000000000005	0.37395344059171215
4.366666666666667	0.37416990235663405
4.383333333333334	0.3743862561111579
4.3999999999999995	0.3746025023481602
4.416666666666667	0.3748186419914573
4.433333333333334	0.37503467488358816
4.45	0.37525060211547523
4.466666666666667	0.37546642355395
4.483333333333333	0.3756821402962577
4.500000000000001	0.37589775199153036
4.516666666666667	0.376113259603596
4.533333333333333	0.37632866350266103
4.55	0.376543963818662
4.566666666666667	0.37675916138429905
4.583333333333334	0.37697425661065403
4.6	0.37718924962661204
4.616666666666667	0.37740414102232206
4.633333333333334	0.3776189311474386
4.65	0.3778336203390445
4.666666666666667	0.3780482093890027
4.683333333333334	0.37826269822616687
4.700000000000001	0.37847708760009047
4.716666666666667	0.3786913777799143
4.733333333333333	0.3789055691516987
4.75	0.3791196620893138
4.7666666666666675	0.3793336571437241
4.783333333333334	0.3795475543841282
4.8	0.3797613543065811
4.816666666666666	0.37997505758827677
4.833333333333333	0.38018866495727655
4.8500000000000005	0.3804021754273753
4.866666666666667	0.38061559103337106
4.883333333333333	0.38082891052084167
4.9	0.38104213538172677
4.916666666666667	0.3812552664525836
4.933333333333334	0.381468302533448
4.95	0.3816812450684204
4.966666666666667	0.381894093958012
4.983333333333334	0.3821068495664879
5.	0.3823195128855938