45.	-1.095794126693706e-7
44.8	-1.1226299152204529e-7
44.6	-1.1503073008219021e-7
44.4	-1.1788006248623218e-7
44.2	-1.2081723146616136e-7
44.	-1.238451271547592e-7
43.8	-1.2696537164148404e-7
43.6	-1.3017931442432898e-7
43.4	-1.3349421317156554e-7
43.2	-1.3691380375694266e-7
43.	-1.4044027357823863e-7
42.8	-1.4407727878317222e-7
42.6	-1.4782988060667918e-7
42.4	-1.5170489435662782e-7
42.2	-1.5570196509180932e-7
42.	-1.598264470202522e-7
41.8	-1.6408649315157363e-7
41.6	-1.6848654190355373e-7
41.4	-1.7303004466590843e-7
41.2	-1.7772089842691809e-7
41.	-1.825730119437779e-7
40.8	-1.8758601154414345e-7
40.6	-1.927650837978121e-7
40.4	-1.9811973011758374e-7
40.2	-2.036566562556267e-7
40.	-2.0938791948640252e-7
39.8	-2.1532467033859414e-7
39.6	-2.2144224547003883e-7
39.4	-2.2778483044275343e-7
39.2	-2.3435260159998043e-7
39.	-2.411484924787235e-7
38.8	-2.4818604993541656e-7
38.6	-2.554770632118945e-7
38.4	-2.63033283322684e-7
38.2	-2.708606840655636e-7
38.	-2.789686269783731e-7
37.8	-2.8738237610713904e-7
37.6	-2.9610451548635354e-7
37.4	-3.051466276454373e-7
37.2	-3.145244224306069e-7
37.	-3.242634949647273e-7
36.8	-3.343677797488363e-7
36.6	-3.4485825367185525e-7
36.4	-3.5574342676017477e-7
36.2	-3.670618721016805e-7
36.	-3.7880799332441136e-7
35.8	-3.910266162047747e-7
35.6	-4.037163359967461e-7
35.4	-4.169168557941717e-7
35.2	-4.306434140734283e-7
35.	-4.4493035560515244e-7
34.8	-4.5978376992332115e-7
34.6	-4.752528890397664e-7
34.4	-4.913542226354323e-7
34.2	-5.081264926342924e-7
34.	-5.255942521982246e-7
33.8	-5.438008821063181e-7
33.6	-5.628200438280982e-7
33.4	-5.825652784732249e-7
33.2	-6.032154677320977e-7
33.	-6.247308006569114e-7
32.8	-6.472100650136857e-7
32.6	-6.706592627310626e-7
32.4	-6.951569312180687e-7
32.2	-7.207485524396067e-7
32.	-7.474934159575727e-7
31.8	-7.754596692041495e-7
31.6	-8.046808979075928e-7
31.4	-8.352604492113675e-7
31.2	-8.672605792880487e-7
31.	-9.007586337742034e-7
30.8	-9.358374975997684e-7
30.6	-9.725834741968007e-7
30.4	-1.0110949426560372e-6
30.2	-1.0514587683108183e-6
30.	-1.093806880089601e-6
29.8	-1.1382328571890008e-6
29.6	-1.1848696330994668e-6
29.4	-1.2337988422228084e-6
29.2	-1.2852344714276678e-6
29.	-1.3392758249526834e-6
28.8	-1.3960890322879163e-6
28.6	-1.4558473418250994e-6
28.4	-1.518724314631708e-6
28.2	-1.5849070674359043e-6
28.	-1.6546302186246192e-6
27.8	-1.7280458072879536e-6
27.6	-1.8054880422503587e-6
27.4	-1.8871216519015196e-6
27.2	-1.973303130870224e-6
27.	-2.064222895064971e-6
26.8	-2.160282119858821e-6
26.6	-2.261787513695949e-6
26.4	-2.3691391328807008e-6
26.2	-2.4827158527330743e-6
26.	-2.6027723985532043e-6
25.8	-2.7299979188578555e-6
25.6	-2.864796679394239e-6
25.4	-3.0076856752862965e-6
25.2	-3.1593051726833685e-6
25.	-3.3201509499704764e-6
24.8	-3.4909890618911127e-6
24.6	-3.672523301915437e-6
24.4	-3.865511802768245e-6
24.2	-4.070958441691407e-6
24.	-4.2894301950812714e-6
23.8	-4.522303491646869e-6
23.6	-4.770533421261054e-6
23.4	-5.0353179649219135e-6
23.2	-5.31795639809756e-6
23.	-5.619838900814433e-6
22.8	-5.942551511976022e-6
22.6	-6.287751152325266e-6
22.4	-6.657245560843251e-6
22.2	-7.053048837811394e-6
22.	-7.4774232859759084e-6
21.8	-7.93272544279009e-6
21.6	-8.421629047615634e-6
21.4	-8.947012549607625e-6
21.2	-9.512073966787983e-6
21.	-0.000010120343873389837
20.8	-0.000010775639688675847
20.6	-0.000011482252009117128
20.4	-0.000012244861835605335
20.2	-0.000013068664189867694
20.	-0.00001395943194685555
19.8	-0.000014923435430522267
19.6	-0.00001596780182510075
19.4	-0.00001710026777492785
19.2	-0.000018329543209404348
19.	-0.000019665246524968783
18.8	-0.000021118107034398072
18.6	-0.000022700178240956275
18.4	-0.00002442467017569434
18.2	-0.000026306619480670674
18.	-0.000028362647285211786
17.8	-0.00003061151269946168
17.6	-0.00003307415795129395
17.4	-0.000035774174483122456
17.2	-0.0000387380302389201
17.	-0.00004199557038375388
16.8	-0.000045580417612384724
16.6	-0.00004953115472776049
16.4	-0.00005388913868973238
16.2	-0.000058704539662848235
16.	-0.00006403209942556095
15.8	-0.00006993424738543817
15.6	-0.00007648234622531738
15.4	-0.00008375746607284356
15.2	-0.0000918519568099539
15.	-0.00010087143543270788
14.8	-0.00011093648974340188
14.6	-0.000122185396951692
14.4	-0.0001347762747049751
14.2	-0.00014889139900112943
14.	-0.00016473929593572025
13.8	-0.00018256054781366836
13.6	-0.00020263238778706744
13.4	-0.00022527428038896047
13.2	-0.00025085535714775047
13.	-0.00027980223750380075
12.8	-0.0003126084482979473
12.6	-0.00034984553938080347
12.4	-0.00039217574738368546
12.2	-0.0004403667760094558
12.	-0.0004953104120195993
11.8	-0.000558035985482325
11.6	-0.0006297462346785052
11.4	-0.0007118320543823303
11.2	-0.0008059023233238285
11.	-0.0009138320490148284
10.8	-0.0010377868216038528
10.6	-0.0011802763111076954
10.4	-0.0013441961695073725
10.2	-0.001532895062059661
10.	-0.0017502302925801456
45.	-1.095794126693706e-7
45.2	-1.0696938814867605e-7
45.4	-1.0443623752983372e-7
45.6	-1.0197817967515477e-7
45.8	-9.958864911717292e-8
46.	-9.726675912409618e-8
46.2	-9.500848174428048e-8
46.4	-9.281623971655292e-8
46.6	-9.068505280388965e-8
46.8	-8.861322056572495e-8
47.	-8.660063886579052e-8
47.2	-8.46394962564655e-8
47.4	-8.273320348877843e-8
47.6	-8.088166037893964e-8
47.8	-7.907983192350991e-8
48.	-7.732684107638617e-8
48.2	-7.561863991977837e-8
48.4	-7.395978402189524e-8
48.6	-7.234126870916058e-8
48.8	-7.076799927369276e-8
49.	-6.923693922137809e-8
49.2	-6.774444518883509e-8
49.4	-6.629099740958433e-8
49.6	-6.487737973745258e-8
49.8	-6.349800080037938e-8
50.	-6.215645620756069e-8
50.2	-6.084763754421067e-8
50.4	-5.9572552105302755e-8
50.6	-5.833023909068551e-8
50.8	-5.711914963836394e-8
51.	-5.594027530137362e-8
51.2	-5.4788631528384294e-8
51.4	-5.366684098785839e-8
51.6	-5.257511317382839e-8
51.8	-5.1506171290701744e-8
52.	-5.046675927228131e-8
52.2	-4.9451823372703223e-8
52.4	-4.8461815967645434e-8
52.6	-4.749504834921095e-8
52.8	-4.655458569933636e-8
53.	-4.563231435527723e-8
53.2	-4.473565100892481e-8
53.4	-4.3864357941459935e-8
53.6	-4.300411161214292e-8
53.8	-4.2168109417094735e-8
54.	-4.1352852508939004e-8
54.2	-4.0557972098754495e-8
54.4	-3.977969318099672e-8
54.6	-3.902082786435651e-8
54.8	-3.827949551772621e-8
55.	-3.755414948049939e-8
55.2	-3.6846086876265066e-8
55.4	-3.6154361355865335e-8
55.6	-3.5478600882910895e-8
55.8	-3.481773588922948e-8
56.	-3.417263003570096e-8
56.2	-3.354190620419008e-8
56.4	-3.2925158170162265e-8
56.6	-3.232217046421843e-8
56.8	-3.1732080415905315e-8
57.	-3.115663599123759e-8
57.2	-3.059253674216994e-8
57.4	-3.0041466991514964e-8
57.6	-2.9501805888186082e-8
57.8	-2.897450436190812e-8
58.	-2.8458451810639383e-8
58.2	-2.7953680655955712e-8
58.4	-2.7460459926086585e-8
58.6	-2.6977395212522867e-8
58.8	-2.65047377650931e-8
59.	-2.6041942551501005e-8
59.2	-2.5589205333861524e-8
59.4	-2.5145949170632113e-8
59.6	-2.471204874215201e-8
59.8	-2.428723036207189e-8
60.	-2.3871180821518965e-8
60.2	-2.3463774803981666e-8
60.4	-2.3065181199645666e-8
60.6	-2.2674888704020183e-8
60.8	-2.2292678269805517e-8
61.	-2.1918466663617274e-8
61.2	-2.1550975970957326e-8
61.4	-2.119161846754389e-8
61.6	-2.0839714952925815e-8
61.8	-2.0494173421431873e-8
62.	-2.01566129185789e-8
62.2	-1.982607185919818e-8
62.4	-1.950069060052362e-8
62.6	-1.9182537366280057e-8
62.8	-1.887087794357545e-8
63.	-1.8565268601230965e-8
63.2	-1.826578262441744e-8
63.4	-1.7972106967827612e-8
63.6	-1.768406713642265e-8
63.8	-1.7401857100463908e-8
64.	-1.7127694949616755e-8
64.2	-1.685346624062211e-8
64.4	-1.6587807801235104e-8
64.6	-1.6327133273029064e-8
64.8	-1.607086102785788e-8
65.	-1.5819724405393347e-8
65.2	-1.557350665888826e-8
65.4	-1.533264834737068e-8
65.6	-1.5094804456943114e-8
65.8	-1.4862507222058505e-8
66.	-1.4633758021243331e-8
66.2	-1.4410021300348253e-8
66.4	-1.4190552699809705e-8
66.6	-1.3974622197326959e-8
66.8	-1.3763145549986591e-8
67.	-1.3555227723165636e-8
67.2	-1.3352024529014454e-8
67.4	-1.3151137983236875e-8
67.6	-1.2954664559543147e-8
67.8	-1.2761701750665596e-8
68.	-1.257232825101573e-8
68.2	-1.2386380016756004e-8
68.4	-1.2204038649440758e-8
68.6	-1.2025381478079675e-8
68.8	-1.1848613193489968e-8
69.	-1.1673058034482096e-8
69.2	-1.1505751778063775e-8
69.4	-1.1338693768506344e-8
69.6	-1.1174829627872208e-8
69.8	-1.1013811878871608e-8
70.	-1.0853906094158562e-8
70.2	-1.070055858937702e-8
70.4	-1.0546399533056947e-8
70.6	-1.0397211222605686e-8
70.8	-1.0250383837810478e-8
71.	-1.0106980775105291e-8
71.2	-9.963056424336604e-9
71.4	-9.822934550532935e-9
71.6	-9.686953184564318e-9
71.8	-9.550775614121762e-9
72.	-9.417120757543398e-9
72.2	-9.286069216345281e-9
72.4	-9.159055129994638e-9
72.6	-9.032810390594245e-9
72.8	-8.90749861414413e-9
73.	-8.786661962524198e-9
73.2	-8.667017552160141e-9
73.4	-8.548907720772085e-9
73.6	-8.432971121153906e-9
73.8	-8.317788133617084e-9
74.	-8.206589936465392e-9
74.2	-8.096288841222727e-9
74.4	-7.987796299343313e-9
74.6	-7.881256877990109e-9
74.8	-7.776276611008899e-9
75.	-7.663406817806826e-9
75.2	-7.57043607249164e-9
75.4	-7.468923598485964e-9
75.6	-7.373412030229148e-9
75.8	-7.2780347778800045e-9
76.	-7.181424266530225e-9
76.2	-7.086643133682601e-9
76.4	-6.995414998789417e-9
76.6	-6.904641467092269e-9
76.8	-6.81457591877541e-9
77.	-6.727533419220398e-9
77.2	-6.639903770924446e-9
77.4	-6.555895479984938e-9
77.6	-6.4714839337451136e-9
77.8	-6.389990150848774e-9
78.	-6.307957980275533e-9
78.2	-6.228852871583518e-9
78.4	-6.150095258070093e-9
78.6	-6.071562066959863e-9
78.8	-5.994641866599409e-9
79.	-5.920621135746544e-9
79.2	-5.846356935017347e-9
79.4	-5.774692086191473e-9
79.6	-5.702043678824306e-9
79.8	-5.631329534389476e-9
80.	-5.562912791655242e-9