30.	1.1552345045236927e-7
29.8	1.1978407321369223e-7
29.6	1.2421601741878028e-7
29.4	1.2882351724423333e-7
29.2	1.3361658730406866e-7
29.	1.3859918869177165e-7
28.8	1.4378256373771057e-7
28.6	1.49161712380907e-7
28.4	1.5476644913840475e-7
28.2	1.6059776395766755e-7
28.	1.6665483469156223e-7
27.8	1.7295932387496485e-7
27.6	1.7952146183448997e-7
27.4	1.8633503505474004e-7
27.2	1.9343016754272636e-7
27.	2.008067432018641e-7
26.8	2.0849046436928728e-7
26.6	2.1646592199413362e-7
26.4	2.2477120299265944e-7
26.2	2.3340219522446466e-7
26.	2.423803220994609e-7
25.8	2.5171630776567165e-7
25.6	2.6142681663975914e-7
25.4	2.7151791961844613e-7
25.2	2.8201404024179944e-7
25.	2.929115763791271e-7
24.8	3.0423608902498983e-7
24.6	3.1601766148975263e-7
24.4	3.282372242481564e-7
24.2	3.409318295768102e-7
24.	3.5411888916325606e-7
23.8	3.6779737076208633e-7
23.6	3.8198568302130484e-7
23.4	3.967018127730532e-7
23.2	4.119579785581414e-7
23.	4.2777183817848395e-7
22.8	4.441288041379368e-7
22.6	4.610444248716559e-7
22.4	4.78565436636396e-7
22.2	4.966528278843068e-7
22.	5.153320588438268e-7
21.8	5.345728525417144e-7
21.6	5.544021386650189e-7
21.4	5.748156494538343e-7
21.2	5.95739027240867e-7
21.	6.172160506099765e-7
20.8	6.391839280816416e-7
20.6	6.616531563810872e-7
20.4	6.844844350365449e-7
20.2	7.076898977417643e-7
20.	7.311766947882539e-7
19.8	7.548476458441969e-7
19.6	7.785936408678271e-7
19.4	8.022859569092056e-7
19.2	8.25717106739709e-7
19.	8.487944519269238e-7
18.8	8.712000594052564e-7
18.6	8.926874471127818e-7
18.4	9.12932451739351e-7
18.2	9.315688830826224e-7
18.	9.481179400294517e-7
17.8	9.620447780851788e-7
17.6	9.727579507867799e-7
17.4	9.795036325893276e-7
17.2	9.813895434018042e-7
17.	9.774259623523995e-7
16.8	9.664002252324286e-7
16.6	9.468589723000932e-7
16.4	9.171676889938777e-7
16.2	8.753436235610003e-7
16.	8.190551115022889e-7
15.8	7.455342516073819e-7
15.6	6.515477093528236e-7
15.4	5.331525449202625e-7
15.2	3.859532416661426e-7
15.	2.0436331179636966e-7
14.8	-1.8003351679052657e-8
14.6	-2.88999147527806e-7
14.4	-6.176710432871684e-7
14.2	-1.015046646094971e-6
14.	-1.4943769737295794e-6
13.8	-2.0715168179122654e-6
13.6	-2.765557286056905e-6
13.4	-3.5995949268746537e-6
13.2	-4.601524472635792e-6
13.	-5.805157731847778e-6
12.8	-7.252065328795142e-6
12.6	-8.991696957280975e-6
12.4	-0.000011086320942350162
12.2	-0.000013611023002772795
12.	-0.000016659008357076107
11.8	-0.000020344098704421237
11.6	-0.000024808642431898193
11.4	-0.00003022841179613255
11.2	-0.00003682262790896
11.	-0.00004486491608420727
10.8	-0.00005469815918447473
10.6	-0.00006675334047458596
10.4	-0.0000815727279475069
10.2	-0.00009984177595802248
10.	-0.00012242769406486405
9.8	-0.00015043169310668963
9.6	-0.0001852517464613163
9.4	-0.00022866789744482331
9.2	-0.0002829468665301393
9.	-0.00035097586728185284
8.8	-0.0004364318911872451
8.6	-0.0005439889100318951
8.4	-0.0006795746234630772
8.2	-0.0008506843068227123
8.	-0.001066743815185299
7.8	-0.0013395410663641569
7.6	-0.0016837168513328625
7.4	-0.0021172807137452626
7.2	-0.002662191896671113
7.	-0.0033449206366376405
6.8	-0.004197032324959508
6.6	-0.005255725752816031
6.4	-0.0065643700960046954
6.2	-0.008173017226524262
6.	-0.010138954746070496
5.8	-0.012527341513023982
5.6	-0.01541197344431998
5.4	-0.01887632010220905
5.2	-0.023014808241570536
5.	-0.02793448585444984
30.	1.1552345045236927e-7
30.2	1.1142364457746194e-7
30.4	1.0748032643108565e-7
30.6	1.0368834316332305e-7
30.8	1.0003623527797557e-7
31.	9.65266524173879e-8
31.2	9.314867553972744e-8
31.4	8.989918305221922e-8
31.6	8.676306466346714e-8
31.8	8.375270032547467e-8
32.	8.08540157296952e-8
32.2	7.806165182579773e-8
32.4	7.537431459580121e-8
32.6	7.27869207258704e-8
32.8	7.029529512221503e-8
33.	6.78967630699187e-8
33.2	6.558202506933668e-8
33.4	6.333993315737785e-8
33.6	6.121480179751486e-8
33.8	5.915201847334054e-8
34.	5.7158835196558164e-8
34.2	5.5241014562479206e-8
34.4	5.339289597782796e-8
34.6	5.161376851846216e-8
34.8	4.989052848855199e-8
35.	4.824026104362511e-8
35.2	4.664276626680903e-8
35.4	4.510759412527217e-8
35.6	4.362462801382263e-8
35.8	4.219257756899502e-8
36.	4.0815102126239406e-8
36.2	3.948339936154662e-8
36.4	3.820029931716256e-8
36.6	3.696269495469796e-8
36.8	3.576897497906353e-8
37.	3.461653834615415e-8
37.2	3.35033289431475e-8
37.4	3.243860287240002e-8
37.6	3.1395342109233145e-8
37.8	3.0395936558482944e-8
38.	2.9429030594832442e-8
38.2	2.849818975367739e-8
38.4	2.7598138969742373e-8
38.6	2.6728961818554437e-8
38.8	2.5889325237718995e-8
39.	2.5079058625670096e-8
39.2	2.4295538741734215e-8
39.4	2.3527518772615553e-8
39.6	2.280822233795303e-8
39.8	2.210180457845051e-8
40.	2.1419867148179745e-8
40.2	2.075995020713146e-8
40.4	2.011805915063221e-8
40.6	1.9506609205792503e-8
40.8	1.891138767344233e-8
41.	1.8335432208602537e-8
41.2	1.7777150534103725e-8
41.4	1.7240899240338713e-8
41.6	1.6719870126275075e-8
41.8	1.6216347389682754e-8
42.	1.572933868369877e-8
42.2	1.525838022465731e-8
42.4	1.4802551632722935e-8
42.6	1.4361655122419801e-8
42.8	1.3935080208962491e-8
43.	1.3522137064446346e-8
43.2	1.3122698099419732e-8
43.4	1.273590510498297e-8
43.6	1.2361581561374362e-8
43.8	1.1999390311442428e-8
44.	1.1648524280585688e-8
44.2	1.1308941773659343e-8
44.4	1.0980077333032172e-8
44.6	1.0661572935883933e-8
44.8	1.0353269969280537e-8
45.	1.005462383909093e-8
45.2	9.765368587389299e-9
45.4	9.485184268270627e-9
45.6	9.2134274039018e-9
45.8	8.95032157389568e-9
46.	8.695548045685751e-9
46.2	8.448483593442348e-9
46.4	8.209092111536627e-9
46.6	7.978307646534416e-9
46.8	7.752578986623932e-9
47.	7.534280753704743e-9
47.2	7.3231796949096155e-9
47.4	7.118148740921493e-9
47.6	6.9195994705161875e-9
47.8	6.727041476060083e-9
48.	6.540313254337627e-9
48.2	6.359022723332833e-9
48.4	6.183347439798214e-9
48.6	6.013039252757016e-9
48.8	5.8489420742457404e-9
49.	5.6873813464663794e-9
49.2	5.531264930958859e-9
49.4	5.3797535134255955e-9
49.6	5.2343906475501156e-9
49.8	5.092032771693759e-9
50.	4.954145160912801e-9