30.	0.35601207514152317
29.8	0.3565558286484958
29.6	0.35710847272893725
29.4	0.3576702067860455
29.2	0.3582412358657354
29.	0.35882177090870293
28.8	0.3594120287435991
28.6	0.36001223248095954
28.4	0.36062261164061665
28.2	0.36124340236385444
28.	0.3618748477524668
27.8	0.3625171979277089
27.6	0.3631707104083259
27.4	0.36383565034814563
27.2	0.3645122907884028
27.	0.365200912923866
26.8	0.3659018064582714
26.6	0.3666152697852582
26.4	0.36734161045516955
26.2	0.36808114541200976
26.	0.36883420126051464
25.8	0.36960111484380676
25.6	0.37038223342340615
25.4	0.37117791518901444
25.2	0.37198852943941535
25.	0.37281445743346303
24.8	0.37365609220357876
24.6	0.37451383977007346
24.4	0.3753881189538561
24.2	0.37627936222028974
24.	0.3771880161235909
23.8	0.3781145418527503
23.6	0.3790594157604283
23.4	0.38002312999967736
23.2	0.3810061932001335
23.	0.3820091309590641
22.8	0.383032486567717
22.6	0.3840768218347709
22.4	0.38514271779324977
22.2	0.38623077516840537
22.	0.3873416156572111
21.8	0.3884758823479101
21.6	0.38963424104693856
21.4	0.39081738077357314
21.2	0.39202601463767084
21.	0.3932608815198215
20.8	0.39452274665915976
20.6	0.39581240246931826
20.4	0.39713067020656373
20.2	0.39847840094483483
20.	0.39985647688423515
19.8	0.40126581260609506
19.6	0.40270735656594536
19.4	0.40418209250107895
19.2	0.4056910407214088
19.	0.40723525992280174
18.8	0.4088158490210871
18.6	0.410433948539474
18.4	0.41209074216312996
18.2	0.41378745941570055
18.	0.4155253774544413
17.8	0.4173058221340831
17.6	0.4191301712303562
17.4	0.4209998568473739
17.2	0.42291636691843243
17.	0.4248812475249768
16.8	0.4268961073299963
16.6	0.4289626170328529
16.4	0.4310825157483345
16.2	0.43325761127374823
16.	0.4354897830519194
15.8	0.4377809880376779
15.6	0.44013325987011914
15.4	0.4425487158614656
15.2	0.4450295571426957
15.	0.4475780752883345
14.8	0.45019665337381276
14.6	0.45288776957347665
14.4	0.45565400313561166
14.2	0.4584980352182325
14.	0.4614226548557525
13.8	0.46443076066064043
13.6	0.46752536369671543
13.4	0.47070959419462427
13.2	0.4739867000956733
13.	0.4773600527878574
12.8	0.4808331477397188
12.6	0.4844096062208374
12.4	0.48809317548784703
12.2	0.4918877306917223
12.	0.4957972704022422
11.8	0.4998259148042691
11.6	0.5039779015914099
11.4	0.5082575768791419
11.2	0.5126693861561759
11.	0.5172178607990058
10.8	0.5219075986002255
10.6	0.5267432434067097
10.4	0.5317294562944501
10.2	0.5368708788646882
10.	0.5421720921756541
9.8	0.5476375645840322
9.6	0.5532715906020527
9.4	0.5590782193879504
9.2	0.5650611726642354
9.	0.5712237528420594
8.8	0.5775687419721508
8.6	0.5840982955741706
8.4	0.5908138336778154
8.2	0.597715942288772
8.	0.6048042830959347
7.8	0.6120775348043515
7.6	0.6195333657728437
7.4	0.6271684514142118
7.2	0.6349785407107512
7.	0.6429585544134373
6.8	0.6511027061497974
6.6	0.6594045957455206
6.4	0.6678572268493776
6.2	0.6764528812598242
6.	0.6851827675225378
5.8	0.6940363841246381
5.6	0.7030004754747733
5.4	0.7120575465121781
5.2	0.7211837700376642
5.	0.7303461959706019
30.	0.35601207514152317
30.2	0.3554770181624376
30.4	0.35495046899514854
30.6	0.35443224459242284
30.8	0.35392216451797365
31.	0.35342005663275766
31.2	0.35292575132322307
31.4	0.35243908255209494
31.6	0.3519598910735165
31.8	0.35148802028236614
32.	0.35102331788305857
32.2	0.3505656356899635
32.4	0.3501148291171844
32.6	0.349670757539586
32.8	0.3492332837688328
33.	0.3488022742019192
33.2	0.34837759886281955
33.4	0.347959129758489
33.6	0.3475467439506019
33.8	0.34714032060140926
34.	0.3467397418369794
34.2	0.3463448928608778
34.4	0.3459556616567458
34.6	0.3455719391569263
34.8	0.3451936182565279
35.	0.3448205954202025
35.2	0.3444527689235341
35.4	0.34409003973851016
35.6	0.34373231127093934
35.8	0.34337948866628815
36.	0.3430314801442721
36.2	0.34268819554731306
36.4	0.34234954694717973
36.6	0.34201544865414735
36.8	0.3416858165867011
37.	0.3413605689519428
37.2	0.341039625702369
37.4	0.3407229087879833
37.6	0.3404103413269559
37.8	0.34010184902760504
38.	0.33979735877180756
38.2	0.33949679920662684
38.4	0.339200100732723
38.6	0.33890719493956467
38.8	0.3386180150958162
39.	0.33833249625160916
39.2	0.33805057437475167
39.4	0.3377721871725661
39.6	0.33749727360833814
39.8	0.33722577408767235
40.	0.3369576300233268
40.2	0.3366927844294353
40.4	0.3364311813891526
40.6	0.3361727659362306
40.8	0.33591748470757055
41.	0.335665285223669
41.2	0.3354161162005332
41.4	0.3351699273937857
41.6	0.3349266694573847
41.8	0.334686294335856
42.	0.33444875482751685
42.2	0.3342140046924831
42.4	0.33398199870633083
42.6	0.33375269254128276
42.8	0.333526042780138
43.	0.33330200678137795
43.2	0.33308054295051176
43.4	0.33286161038487455
43.6	0.3326451691097123
43.8	0.33243117987637244
44.	0.3322196042307811
44.2	0.33201040441648894
44.4	0.33180354358140973
44.6	0.33159898546539485
44.8	0.33139669457264137
45.	0.33119663605569055
45.2	0.3309987758226024
45.4	0.33080308026197913
45.6	0.33060951669729477
45.8	0.330418052756445
46.	0.33022865706064936
46.2	0.3300412983839253
46.4	0.32985594641392263
46.6	0.3296725713660561
46.8	0.329491143927704
47.	0.3293116353261426
47.2	0.3291340174940278
47.4	0.32895826269091866
47.6	0.3287843437623792
47.8	0.3286122340590195
48.	0.32844190744621826
48.2	0.3282733382217052
48.4	0.3281065012044146
48.6	0.32794137157394027
48.8	0.3277779251245586
49.	0.32761613791039024
49.2	0.32745598652807356
49.4	0.3272974479435693
49.6	0.32714049953529245
49.8	0.3269851190868131
50.	0.3268312848840966