30.	5.707071798993614e-7
29.8	5.891643532140904e-7
29.6	6.08262978209085e-7
29.4	6.280231424410937e-7
29.2	6.484708089034946e-7
29.	6.696227307938578e-7
28.8	6.915043873434757e-7
28.6	7.141713933387528e-7
28.4	7.376201897029986e-7
28.2	7.618901553197591e-7
28.	7.869978529175231e-7
27.8	8.130025704610827e-7
27.6	8.400121237395667e-7
27.4	8.677985266626368e-7
27.2	8.96646629037984e-7
27.	9.265232712300093e-7
26.8	9.574564339208067e-7
26.6	9.894842088763376e-7
26.4	1.0226518358903124e-6
26.2	1.057001611387924e-6
26.	1.0925734638568438e-6
25.8	1.1294167094302835e-6
25.6	1.1675760372510676e-6
25.4	1.2070907896981023e-6
25.2	1.2480329820696995e-6
25.	1.2904381010409964e-6
24.8	1.3343636880506656e-6
24.6	1.3798753777129373e-6
24.4	1.4270131684528037e-6
24.2	1.4758535670614414e-6
24.	1.5264559919879903e-6
23.8	1.5788777471413644e-6
23.6	1.6331986046171028e-6
23.4	1.6894288255943161e-6
23.2	1.747793952835605e-6
23.	1.808216214501418e-6
22.8	1.870823140393629e-6
22.6	1.935699785471226e-6
22.4	2.002927721299708e-6
22.2	2.0725871440095217e-6
22.	2.1447605761075363e-6
21.8	2.219565351418802e-6
21.6	2.2970663375537996e-6
21.4	2.3773764003964295e-6
21.2	2.4605945217466012e-6
21.	2.546820738743511e-6
20.8	2.6361650956934857e-6
20.6	2.728737184163808e-6
20.4	2.8246534721209542e-6
20.2	2.924022881325361e-6
20.	3.026969364813729e-6
19.8	3.133625941066054e-6
19.6	3.2441102037778154e-6
19.4	3.358541352063065e-6
19.2	3.4770829850636204e-6
19.	3.599868560930195e-6
18.8	3.726977811838621e-6
18.6	3.858621137626661e-6
18.4	3.994903676659594e-6
18.2	4.136026446877086e-6
18.	4.282085714024955e-6
17.8	4.433254456284472e-6
17.6	4.5896863455759386e-6
17.4	4.751549356623981e-6
17.2	4.918975498338251e-6
17.	5.09214412688027e-6
16.8	5.271194997323436e-6
16.6	5.456322136856137e-6
16.4	5.647632130161231e-6
16.2	5.845298512329363e-6
16.	6.049520610535835e-6
15.8	6.26037903331767e-6
15.6	6.4780196787223345e-6
15.4	6.702616815378686e-6
15.2	6.934305632007161e-6
15.	7.1731440244547165e-6
14.8	7.419288489932519e-6
14.6	7.672777578675194e-6
14.4	7.933755082932124e-6
14.2	8.202214712827569e-6
14.	8.47821559632049e-6
13.8	8.761780360190563e-6
13.6	9.052846882482323e-6
13.4	9.35136394050667e-6
13.2	9.657265909699678e-6
13.	9.970517277099936e-6
12.8	0.000010290525580552907
12.6	0.000010617444920141792
12.4	0.00001095082749510101
12.2	0.000011290440334704285
12.	0.000011635321615968559
11.8	0.000011985566339566272
11.6	0.000012340006951815492
11.4	0.00001269805214628446
11.2	0.000013058733698938978
11.	0.000013421031855195027
10.8	0.000013783658290497393
10.6	0.00001414532944416084
10.4	0.00001450435780776487
10.2	0.00001485874461991064
10.	0.000015206933947066958
10.	0.000015206941767519739
9.8	0.000015546133234334078
9.6	0.00001587385604275719
9.4	0.0000161871733144705
9.2	0.000016482795699265905
9.	0.00001675706297468429
8.8	0.000017005909205606125
8.6	0.000017224890435795633
8.4	0.000017409067374198318
8.2	0.00001755298258534542
8.	0.00001765076931841503
7.8	0.000017695956644298855
7.6	0.000017681397566934268
7.4	0.000017599022011321062
7.2	0.000017439941948026235
7.	0.000017192518011902982
6.8	0.000016840703810049962
6.6	0.000016358779060793207
6.4	0.000015699510889261682
6.2	0.00001476732949365978
6.	0.000013356394663479752
5.8	0.000011008478877171707
5.6	6.686403113451032e-6
5.4	-1.969498820879063e-6
5.2	-0.000020299006990434212
5.	-0.000060181933556810577
4.8	-0.00014718651021600976
4.6	-0.0003334062116126581
4.4	-0.0007165258644488877
4.2	-0.001459873683756531
4.	-0.0028002418239449866
30.	5.707071798993614e-7
30.2	5.528423091868225e-7
30.4	5.356237764227251e-7
30.6	5.189431073649548e-7
30.8	5.028017539539151e-7
31.	4.8723696178367e-7
31.2	4.721669499226931e-7
31.4	4.575945521290285e-7
31.6	4.434916432682685e-7
31.8	4.29871493187555e-7
32.	4.166901578113396e-7
32.2	4.0393722573810265e-7
32.4	3.916031222141261e-7
32.6	3.7967597407756734e-7
32.8	3.681316678415455e-7
33.	3.5696172924611407e-7
33.2	3.4615698798983227e-7
33.4	3.357034845977634e-7
33.6	3.255909514707849e-7
33.8	3.157926852590645e-7
34.	3.0631628761774577e-7
34.2	2.9714436223358947e-7
34.4	2.8826639460539734e-7
34.6	2.796757271078951e-7
34.8	2.7136033182093083e-7
35.	2.6329900145499477e-7
35.2	2.5549877908570623e-7
35.4	2.479508809418247e-7
35.6	2.406375014431878e-7
35.8	2.3355725452882414e-7
36.	2.2669910245800174e-7
36.2	2.2005998145229265e-7
36.4	2.1362634641246928e-7
36.6	2.073931689972942e-7
36.8	2.0136016988626627e-7
37.	1.9551089315640222e-7
37.2	1.8984355963090162e-7
37.4	1.843551625462113e-7
37.6	1.7903496073596205e-7
37.8	1.7387801094428988e-7
38.	1.6888149980341371e-7
38.2	1.6404014064043813e-7
38.4	1.5934693237070227e-7
38.6	1.5484549933819206e-7
38.8	1.503909434668233e-7
39.	1.4611534160001834e-7
39.2	1.4192723572355074e-7
39.4	1.3795222493047872e-7
39.6	1.3405827991860853e-7
39.8	1.302795956440744e-7
40.	1.2661813664776873e-7
40.2	1.2306350718444662e-7
40.4	1.1961590970317035e-7
40.6	1.1627405186601953e-7
40.8	1.1303421578105572e-7
41.	1.0988668976883588e-7
41.2	1.0683581077576873e-7
41.4	1.0387686114158503e-7
41.6	1.0100362296477687e-7
41.8	9.821713393186216e-8
42.	9.551294262100602e-8
42.2	9.289544120288468e-8
42.4	9.034050575349419e-8
42.6	8.786883912990305e-8
42.8	8.547117989180688e-8
43.	8.314110160300617e-8
43.2	8.08825827614195e-8
43.4	7.868717491363924e-8
43.6	7.655667872652123e-8
43.8	7.448824508820374e-8
44.	7.248037332631977e-8
44.2	7.052977902447089e-8
44.4	6.863596368877092e-8
44.6	6.679736396046951e-8
44.8	6.501087502134492e-8
45.	6.327502640793082e-8
45.2	6.158951105127708e-8
45.4	5.995260010613708e-8
45.6	5.836221874050116e-8
45.8	5.681764634007864e-8
46.	5.5316793490749934e-8
46.2	5.386651755799525e-8
46.4	5.24411323682259e-8
46.6	5.106400187631115e-8
46.8	4.972534357135267e-8
47.	4.84251695672769e-8
47.2	4.7161104923468705e-8
47.4	4.593246587167943e-8
47.6	4.4737780138892885e-8
47.8	4.357749090011584e-8
48.	4.244885009945782e-8
48.2	4.135185706808038e-8
48.4	4.028516126395905e-8
48.6	3.924741041189114e-8
48.8	3.823936041260021e-8
49.	3.7258812894050697e-8
49.2	3.630527633953415e-8
49.4	3.5367482431690523e-8
49.6	3.447612182863326e-8
49.8	3.3598509959613275e-8
50.	3.27460670416315e-8