30.	1.2980253504988344e-6
29.8	1.3179265411076117e-6
29.6	1.3382161247270819e-6
29.4	1.3588766540863758e-6
29.2	1.3799436730612577e-6
29.	1.4014124292857113e-6
28.8	1.4233064227680545e-6
28.6	1.4456369779420205e-6
28.4	1.4683769464937148e-6
28.2	1.4915868092287867e-6
28.	1.5152412160939583e-6
27.8	1.5393469400811323e-6
27.6	1.563956514353772e-6
27.4	1.589022437425846e-6
27.2	1.614611405716599e-6
27.	1.6407076691283947e-6
26.8	1.667308458036348e-6
26.6	1.6944624646891115e-6
26.4	1.7221339487881575e-6
26.2	1.7503901619495322e-6
26.	1.779201670366486e-6
25.8	1.8085970485015782e-6
25.6	1.8385900420260439e-6
25.4	1.8692025017549155e-6
25.2	1.900415256708915e-6
25.	1.932291777717564e-6
24.8	1.9648045915158414e-6
24.6	1.9979749450064805e-6
24.4	2.0318348985525123e-6
24.2	2.066402355544683e-6
24.	2.101659759973971e-6
24.	2.1016686569731087e-6
23.8	2.1376674329543634e-6
23.6	2.1743951299986712e-6
23.4	2.211894893641431e-6
23.2	2.2501799789425982e-6
23.	2.289234564696047e-6
22.8	2.3291220814299376e-6
22.6	2.369739715429669e-6
22.4	2.4112868727930853e-6
22.2	2.4536970216398275e-6
22.	2.4969798566692994e-6
21.8	2.5411807999531135e-6
21.6	2.5862685416850614e-6
21.4	2.6323006950654742e-6
21.2	2.6792856657290204e-6
21.	2.727341463336421e-6
21.	2.7272432150517847e-6
20.8	2.7761573825088673e-6
20.6	2.826122454457818e-6
20.4	2.8770941192745995e-6
20.2	2.929100862561593e-6
20.	2.982162752943418e-6
19.8	3.036275889672925e-6
19.6	3.0914856265786316e-6
19.4	3.14779823052978e-6
19.2	3.2052159077025054e-6
19.	3.263750394786037e-6
18.8	3.32342500623219e-6
18.6	3.3842237125244694e-6
18.4	3.4461789968674847e-6
18.2	3.509246581159211e-6
18.	3.57350510263908e-6
17.8	3.6388772992659763e-6
17.6	3.7053805724251063e-6
17.4	3.7729983441297625e-6
17.2	3.841685222294982e-6
17.	3.911453150373656e-6
17.	3.9114411147912315e-6
16.8	3.982214638581969e-6
16.6	4.053951975076139e-6
16.4	4.1265849361903164e-6
16.2	4.2000384526982725e-6
16.	4.274214064029849e-6
15.8	4.348976484311494e-6
15.6	4.424207499996384e-6
15.4	4.499691058672996e-6
15.2	4.5752214038238874e-6
15.	4.650535306102692e-6
14.8	4.725233586806637e-6
14.6	4.79909327755776e-6
14.4	4.871441732722584e-6
14.2	4.941753638634092e-6
14.	5.009315200061759e-6
13.8	5.0732024446864515e-6
13.6	5.132334567541455e-6
13.4	5.185315796426587e-6
13.2	5.230503452172117e-6
13.	5.265767678993702e-6
12.8	5.288478034951518e-6
12.6	5.29536520429361e-6
12.4	5.282244733455743e-6
12.2	5.243900269920189e-6
12.	5.173636044963001e-6
11.8	5.062976312076186e-6
11.6	4.900842580665036e-6
11.4	4.6733505823824545e-6
11.2	4.361913496101615e-6
11.	3.9427087706878625e-6
10.8	3.3847016021393023e-6
10.6	2.646520663300526e-6
10.4	1.6737790052104493e-6
10.2	3.9390862532748417e-7
10.	-1.2901100011848936e-6
9.8	-3.5086532254639953e-6
9.6	-6.437724083070855e-6
9.4	-0.000010317025892515772
9.2	-0.000015473683502786083
9.	-0.000022355920443133105
8.8	-0.000031581484482432066
8.6	-0.00004400449657156889
8.4	-0.00006081024197514016
8.2	-0.0000836478330966631
8.	-0.0001148155747427876
7.8	-0.00015751841785445012
7.6	-0.00021622094447431182
7.4	-0.0002971279904015896
7.2	-0.0004088167815680384
7.	-0.0005630588457305285
6.8	-0.0007758379051874127
6.6	-0.0010685583888793572
6.4	-0.0014693890681519795
6.2	-0.0020146314065884693
6.	-0.002749966655431854
5.8	-0.003731401621148399
5.6	-0.0050258020256492755
5.4	-0.006710991843875857
5.2	-0.008875528658979875
5.	-0.0116184595372838
30.	1.2980241034959905e-6
30.2	1.278498088788456e-6
30.4	1.2593553635935392e-6
30.6	1.2405463645891496e-6
30.8	1.2220943618983355e-6
31.	1.203982213287092e-6
31.2	1.186201641689003e-6
31.4	1.1687497656378373e-6
31.6	1.1516113399660075e-6
31.8	1.1347989446498681e-6
32.	1.1182808569724527e-6
32.2	1.1020703137961843e-6
32.4	1.0861396342632626e-6
32.6	1.0705119975110454e-6
32.8	1.0551695021125037e-6
33.	1.040074542934215e-6
33.2	1.0252847979500258e-6
33.4	1.010742551759144e-6
33.6	9.964531446594643e-7
33.8	9.82425023159589e-7
34.	9.686389735661674e-7
34.2	9.55096583553908e-7
34.4	9.417891085269682e-7
34.6	9.287190730314781e-7
34.8	9.158677755465534e-7
35.	9.032496725200044e-7
35.2	8.908449983648383e-7
35.4	8.786540287764502e-7
35.6	8.666732703632206e-7
35.8	8.548939189891871e-7
36.	8.433194188112809e-7
36.2	8.319410561871171e-7
36.4	8.207556195903775e-7
36.6	8.097658734289011e-7
36.8	7.98947899690713e-7
37.	7.883183810248731e-7
37.2	7.778670760511992e-7
37.4	7.675886341925198e-7
37.6	7.574818957458154e-7
37.8	7.475427384142337e-7
38.	7.377677207409758e-7
38.2	7.281535290054775e-7
38.4	7.187012037115024e-7
38.6	7.093956926165175e-7
38.8	7.002470302592591e-7
39.	6.91246492517019e-7
39.2	6.823887036994491e-7
39.4	6.736866311071022e-7
39.6	6.651046883522447e-7
39.8	6.566701465518622e-7
40.	6.483704418525904e-7
40.2	6.402017580138965e-7
40.4	6.321664931600142e-7
40.6	6.242536632103721e-7
40.8	6.164727040065063e-7
41.	6.088033724817153e-7
41.2	6.01261597152085e-7
41.4	5.938367638774065e-7
41.6	5.865287893708927e-7
41.8	5.793339381886896e-7
42.	5.722481193794773e-7
42.2	5.652730788300404e-7
42.4	5.584073077242815e-7
42.6	5.516436612005843e-7
42.8	5.44984888280544e-7
43.	5.384335000716691e-7
43.2	5.319709921602813e-7
43.4	5.256177427120586e-7
43.6	5.193438819775178e-7
43.8	5.13186239057581e-7
44.	5.071024916080316e-7
44.	5.071074677445834e-7
44.2	5.011184763761345e-7
44.4	4.952226815513459e-7
44.6	4.894151804024108e-7
44.8	4.836963230096254e-7
45.	4.78056960348294e-7
45.2	4.7250078488633534e-7
45.4	4.670311009971892e-7
45.6	4.616436034892303e-7
45.8	4.5633271723200123e-7
46.	4.5108440321012365e-7
46.2	4.459259332964145e-7
46.4	4.408403958974281e-7
46.6	4.35825201567e-7
46.8	4.308909760505022e-7
47.	4.2601776001776453e-7
47.2	4.2122172861956244e-7
47.4	4.1649058300602875e-7
47.6	4.118286085039267e-7
47.8	4.072248384374145e-7
48.	4.026954623759405e-7
48.2	3.98223731803375e-7
48.4	3.938213182575636e-7
48.6	3.894819839857095e-7
48.8	3.8519850581204166e-7
49.	3.809821001838154e-7