5.	2.1682420312553442e-7
4.95	2.0672364394405307e-7
4.9	1.9696595540367463e-7
4.85	1.8753972040175515e-7
4.8	1.7843632608591486e-7
4.75	1.6965666815479308e-7
4.699999999999999	1.6118624995536068e-7
4.6499999999999995	1.5302050090269888e-7
4.6000000000000005	1.4515222160412564e-7
4.55	1.375747380087638e-7
4.5	1.302814886127363e-7
4.45	1.232654992647385e-7
4.4	1.1652095335780321e-7
4.35	1.1004082019404231e-7
4.3	1.0381663371238297e-7
4.25	9.78461058199529e-8
4.2	9.211888329630081e-8
4.1499999999999995	8.65966055045922e-8
4.1000000000000005	8.138831965576941e-8
4.050000000000001	7.635190660759466e-8
4.	7.154574345388142e-8
3.95	6.695543332989999e-8
3.9000000000000004	6.25743916580932e-8
3.85	5.839693924480645e-8
3.8	5.4417972497235097e-8
3.75	5.06315295864778e-8
3.7	4.703343950535e-8
3.65	4.3614407261360265e-8
3.5999999999999996	4.037319533649387e-8
3.55	3.7303108483252666e-8
3.5	3.4398735083271055e-8
3.4499999999999997	3.1655447827625584e-8
3.3999999999999995	2.9067164868088397e-8
3.3499999999999996	2.6629054778425985e-8
3.3	2.4337205620313737e-8
3.25	2.2185695921234337e-8
3.2	2.016962190797175e-8
3.15	1.828503440695754e-8
3.1	1.652597807703092e-8
3.05	1.4888071762204641e-8
3.	1.3366302214185475e-8
2.95	1.1957793026546503e-8
2.9000000000000004	1.0655506172522376e-8
2.8500000000000005	9.456033924230428e-9
2.8000000000000003	8.355375901754104e-9
2.75	7.3304744006818615e-9
2.7	6.428506631973309e-9
2.6500000000000004	5.5945453008308744e-9
2.6	4.84071705598037e-9
2.55	4.162535639797119e-9
2.5	3.5565523582083717e-9
2.45	3.015401374914064e-9
2.4	2.5375590547144933e-9
2.3499999999999996	2.117236566195731e-9
2.3	1.750306761628735e-9
2.25	1.4319553182804236e-9
2.1999999999999997	1.1542244089013742e-9
2.1500000000000004	1.0834031567829914e-9
2.1	7.200819932747501e-10
2.0500000000000003	5.467991546262202e-10
2.	3.9422121266808975e-10
1.9500000000000002	2.57014751872709e-10
1.9	1.2626142569410362e-10
1.85	-7.897574258535472e-12
1.7999999999999998	-1.5006364535173627e-10
1.75	-3.18603856467528e-10
1.6999999999999997	-5.257249713820809e-10
1.65	-7.980735430571709e-10
1.5999999999999996	-1.1718236066626099e-9
1.5500000000000003	-1.550825676780622e-9
1.5000000000000002	-2.099946081767232e-9
1.4500000000000002	-2.796473915763349e-9
1.4000000000000001	-3.698297240747757e-9
1.35	-4.76095755414606e-9
1.3	-6.102839130934424e-9
1.25	-7.739128770886505e-9
1.2	-9.721391487139342e-9
1.15	-1.2094410502470898e-8
1.0999999999999999	-1.4909306680943626e-8
1.0499999999999998	-1.8259283809619508e-8
0.9999999999999998	-2.2178509654499316e-8
0.9499999999999997	-2.6759308701743696e-8
0.9000000000000002	-3.206322715943453e-8
0.8500000000000002	-3.818916319433103e-8
0.8000000000000002	-4.5232308814587426e-8
0.7500000000000001	-5.327714898278345e-8
0.7000000000000001	-6.244841638221665e-8
0.65	-7.285658217413466e-8
0.6	-8.462946340948902e-8
0.5499999999999999	-9.789952700384423e-8
0.4999999999999999	-1.1281151264645573e-7
0.44999999999999984	-1.2952798291207122e-7
0.3999999999999998	-1.4821212597676995e-7
0.34999999999999976	-1.6904597259509586e-7
0.30000000000000027	-1.9221826171683623e-7
0.2500000000000002	-2.1793782984295228e-7
0.20000000000000018	-2.46426306901904e-7
0.15000000000000013	-2.779207663468662e-7
0.10000000000000009	-3.126699702511173e-7
0.050000000000000044	-3.509504743717203e-7
0.	-3.930385483625558e-7
5.	2.1682420312553442e-7
5.05	2.2727621694208383e-7
5.1	2.3808041699483202e-7
5.15	2.492466619747519e-7
5.2	2.607863493911303e-7
5.25	2.727055112436369e-7
5.300000000000001	2.8501333630989353e-7
5.3500000000000005	2.977138351308736e-7
5.4	3.108196918506459e-7
5.45	3.243372012715719e-7
5.5	3.382757048858837e-7
5.550000000000001	3.5264267312127873e-7
5.6000000000000005	3.674479152564855e-7
5.6499999999999995	3.82700299377958e-7
5.700000000000001	3.9840411854375214e-7
5.75	4.1457809673117983e-7
5.8	4.3122174151357263e-7
5.85	4.483519890013402e-7
5.8999999999999995	4.6597021554757527e-7
5.949999999999999	4.840920935850122e-7
6.	5.027449495305001e-7
6.05	5.218789531365891e-7
6.1	5.415594837668806e-7
6.15	5.61787788186477e-7
6.2	5.825601843163657e-7
6.25	6.038994242913963e-7
6.3	6.257969242559334e-7
6.35	6.482936187853031e-7
6.4	6.713667820533634e-7
6.45	6.950498855086587e-7
6.5	7.193310025583171e-7
6.550000000000001	7.44268745147569e-7
6.6000000000000005	7.69823618594387e-7
6.65	7.960292601382489e-7
6.7	8.228906526894259e-7
6.75	8.504355462916126e-7
6.799999999999999	8.786342903436675e-7
6.8500000000000005	9.075354746306218e-7
6.8999999999999995	9.371449881061155e-7
6.950000000000001	9.674708296382268e-7
7.	9.98521567718021e-7
7.05	1.030316871663485e-6
7.1	1.0628629083085397e-6
7.1499999999999995	1.0961741178061609e-6
7.199999999999999	1.1302640300516044e-6
7.25	1.1651412719383418e-6
7.3	1.2008264736544386e-6
7.35	1.2373252805682916e-6
7.4	1.274650640757499e-6
7.45	1.31282612238774e-6
7.5	1.3518508719878137e-6
7.55	1.3917472170417028e-6
7.6	1.4325282064628797e-6
7.65	1.474199115063976e-6
7.7	1.5167884232530342e-6
7.75	1.560301317368828e-6
7.800000000000001	1.6047467623251426e-6
7.85	1.6501475981097494e-6
7.9	1.696521602292617e-6
7.949999999999999	1.7438715847184891e-6
8.	1.7922209735257522e-6
8.049999999999999	1.8415841159534721e-6
8.100000000000001	1.8919714696438837e-6
8.149999999999999	1.943398868607675e-6
8.200000000000001	1.995889333162827e-6
8.25	2.0494315731689554e-6
8.3	2.104073993952394e-6
8.35	2.1598221941056965e-6
8.4	2.216688766178396e-6
8.45	2.274714771115925e-6
8.5	2.333833075404529e-6
8.55	2.3942487767028423e-6
8.6	2.45567085859492e-6
8.65	2.5183405570546334e-6
8.7	2.582255603406702e-6
8.75	2.647396672888742e-6
8.8	2.713793062104329e-6
8.85	2.7814457868194e-6
8.9	2.8503963254217127e-6
8.95	2.920633662316996e-6
9.	2.9921906653106144e-6
9.05	3.0650777531304937e-6
9.1	3.1393204367096465e-6
9.15	3.214932886504916e-6
9.2	3.2919169553871847e-6
9.25	3.3703319714140015e-6
9.299999999999999	3.4501543836875665e-6
9.350000000000001	3.5314021899142615e-6
9.399999999999999	3.6141358269667157e-6
9.450000000000001	3.6983179685269944e-6
9.5	3.7840361361082566e-6
9.55	3.871229780227035e-6
9.6	3.9599689334952475e-6
9.65	4.050256925230791e-6
9.7	4.1421088926259355e-6
9.75	4.235556490164955e-6
9.8	4.33059024422489e-6
9.85	4.427279154402932e-6
9.9	4.525608337809989e-6
9.95	4.625585046588689e-6
10.	4.727263348771017e-6
10.049999999999999	4.830634941058344e-6
10.1	4.935712702888211e-6
10.150000000000002	5.0425633703636555e-6
10.2	5.151150136628309e-6
10.25	5.2615404160063515e-6
10.3	5.3737341033128944e-6
10.350000000000001	5.487738841287793e-6
10.4	5.60358042243039e-6
10.45	5.721291885048046e-6
10.5	5.840877318825944e-6
10.55	5.962369829091589e-6
10.600000000000001	6.085789081820218e-6
10.649999999999999	6.2111386829642285e-6
10.7	6.3384551905281765e-6
10.75	6.467734701176004e-6
10.8	6.599079686220652e-6
10.85	6.732407676248339e-6
10.899999999999999	6.867787192332064e-6
10.95	7.0052336459390676e-6
11.	7.144781936453587e-6
11.05	7.286392320795407e-6
11.099999999999998	7.430181614578965e-6
11.15	7.576100459247013e-6
11.200000000000001	7.724199474428456e-6
11.25	7.87446807686373e-6
11.299999999999999	8.026973104534729e-6
11.35	8.18171673298753e-6
11.400000000000002	8.338713140439497e-6
11.45	8.497975586104159e-6
11.5	8.659524404143105e-6
11.55	8.823431333535446e-6
11.600000000000001	8.989631604016262e-6
11.65	9.158224860634576e-6
11.7	9.329200621034488e-6
11.75	9.502636398337636e-6
11.8	9.67839700312612e-6
11.850000000000001	9.85669546016667e-6
11.899999999999999	0.000010037351520904162
11.95	0.00001022059050130323
12.	0.00001040625259870526
12.05	0.000010594570909055778
12.1	0.00001078538310270439
12.149999999999999	0.000010978763127945597
12.2	0.000011174747618061444
12.25	0.00001137337039400456
12.3	0.000011574599694250421
12.349999999999998	0.000011778532746089363
12.4	0.000011985115380322197
12.450000000000001	0.000012194408536953972
12.5	0.000012406431796995521
12.549999999999999	0.000012621193157077506
12.6	0.000012838743638517871
12.650000000000002	0.000013059094869335908
12.7	0.000013282211514272749
12.75	0.000013508191749726649
12.8	0.000013737035697961554
12.850000000000001	0.000013968733172064376
12.9	0.000014203316740789415
12.95	0.000014440837289271911
13.	0.000014681294550450847
13.05	0.00001492471479243157
13.100000000000001	0.000015171110338639593
13.149999999999999	0.00001542064582884237
13.2	0.00001567288639408852
13.25	0.000015928349624012955
13.3	0.00001618687660231659
13.35	0.000016448447657846013
13.399999999999999	0.000016713166917372303
13.45	0.00001698099710797198
13.5	0.00001725194957695162
13.55	0.0000175260626510574
13.599999999999998	0.000017803404328158105
13.65	0.00001808390028334651
13.700000000000001	0.000018367633993383883
13.75	0.000018654623588445615
13.799999999999999	0.000018944889271224007
13.85	0.00001923840886029073
13.900000000000002	0.000019535237703070638
13.95	0.000019835391337555947
14.	0.000020138893074364057
14.05	0.000020445738401267917
14.100000000000001	0.0000207559728640174
14.15	0.0000210695906036835
14.2	0.00002138664140122099
14.25	0.00002170712205350767
14.3	0.00002203105278535639
14.350000000000001	0.000022358472411114694
14.399999999999999	0.000022689336880291023
14.45	0.000023023766743654933
14.5	0.000023361724171965516
14.55	0.000023703206707553994
14.6	0.000024048239421870507
14.649999999999999	0.000024396908386652917
14.7	0.00002474909554134125
14.75	0.000025104938622463864
14.8	0.000025464425492474908
14.849999999999998	0.00002582752482091393
14.9	0.00002619432126451077
14.950000000000001	0.000026564775390895936
15.	0.000026939025715633156