5.	0.19601731882884627
4.95	0.19572433087163543
4.9	0.1954311319143914
4.85	0.195137720884877
4.8	0.19484409662783464
4.75	0.19455025814434623
4.699999999999999	0.19425620420678727
4.6499999999999995	0.19396193361639202
4.6000000000000005	0.19366744541370964
4.55	0.1933727382586765
4.5	0.19307781111792263
4.45	0.19278266277463307
4.4	0.19248729195938974
4.35	0.1921916975323623
4.3	0.19189587834111907
4.25	0.1915998329886528
4.2	0.19130356038256863
4.1499999999999995	0.19100705937576515
4.1000000000000005	0.190710328354
4.050000000000001	0.1904133661952759
4.	0.19011617170535802
3.95	0.18981874351664424
3.9000000000000004	0.18952108041061075
3.85	0.18922318083555992
3.8	0.1889250436041561
3.75	0.18862666738435105
3.7	0.18832805067257166
3.65	0.18802919209995608
3.5999999999999996	0.1877300903271246
3.55	0.1874307439364105
3.5	0.18713115154387924
3.4499999999999997	0.18683131143960685
3.3999999999999995	0.1865312224366771
3.3499999999999996	0.1862308830784776
3.3	0.18593029162211266
3.25	0.18562944672477694
3.2	0.18532834677270377
3.15	0.18502699023345046
3.1	0.18472537562039185
3.05	0.1844235012877563
3.	0.18412136547880434
2.95	0.18381896693377114
2.9000000000000004	0.18351630372347053
2.8500000000000005	0.18321337425165235
2.8000000000000003	0.1829101768571483
2.75	0.18260670969983847
2.7	0.1823029714445784
2.6500000000000004	0.18199895996649443
2.6	0.18169467364882108
2.55	0.18139011069926325
2.5	0.18108526935802874
2.45	0.18078014765001993
2.4	0.18047474392476176
2.3499999999999996	0.1801690560836599
2.3	0.17986308302229928
2.25	0.17955682153712685
2.1999999999999997	0.17925027028421558
2.1500000000000004	0.17894342716075626
2.1	0.178636290183683
2.0500000000000003	0.178328858178044
2.	0.17802112793870647
1.9500000000000002	0.17771309788476852
1.9	0.17740476492233553
1.85	0.17709612936377175
1.7999999999999998	0.17678718619314235
1.75	0.17647793505917356
1.6999999999999997	0.1761683728723375
1.65	0.17585849779718757
1.5999999999999996	0.17554830743387298
1.5500000000000003	0.17523779934623934
1.5000000000000002	0.17492697110786393
1.4500000000000002	0.1746158207125341
1.4000000000000001	0.17430434491084199
1.35	0.17399254226593852
1.3	0.1736804097729938
1.25	0.17336794452816665
1.2	0.17305514485721776
1.15	0.1727420071829795
1.0999999999999999	0.17242852925254837
1.0499999999999998	0.17211470839898824
0.9999999999999998	0.17180054194199043
0.9499999999999997	0.17148602636329685
0.9000000000000002	0.17117115982254744
0.8500000000000002	0.1708559389978457
0.8000000000000002	0.1705403610171073
0.7500000000000001	0.17022442333045523
0.7000000000000001	0.16990812183684578
0.65	0.16959145482852947
0.6	0.16927441787858669
0.5499999999999999	0.16895700864722885
0.4999999999999999	0.16863922436635567
0.44999999999999984	0.16832106054989687
0.3999999999999998	0.1680025146158149
0.34999999999999976	0.1676835826932946
0.30000000000000027	0.1673642620354432
0.2500000000000002	0.16704454864312493
0.20000000000000018	0.1667244387678324
0.15000000000000013	0.16640392972424217
0.10000000000000009	0.1660830169320395
0.050000000000000044	0.16576169695750884
0.	0.1654399656359565
5.	0.19601731882884627
5.05	0.1963100969201686
5.1	0.19660266603581264
5.15	0.19689502746806345
5.2	0.19718718217977627
5.25	0.19747913116850452
5.300000000000001	0.1977708755811624
5.3500000000000005	0.1980624163169772
5.4	0.1983537544689266
5.45	0.19864489103181832
5.5	0.1989358269537668
5.550000000000001	0.19922656332335026
5.6000000000000005	0.19951710102964296
5.6499999999999995	0.19980744110497733
5.700000000000001	0.20009758432421343
5.75	0.20038753200994494
5.8	0.20067728483256536
5.85	0.2009668436957047
5.8999999999999995	0.20125620977154793
5.949999999999999	0.20154538374408046
6.	0.2018343667192477
6.05	0.20212315933492203
6.1	0.20241176274403042
6.15	0.2027001777737401
6.2	0.20298840525909112
6.25	0.20327644612366264
6.3	0.20356430133193745
6.35	0.20385197135331112
6.4	0.20413945745940715
6.45	0.20442676038963012
6.5	0.20471388073562727
6.550000000000001	0.20500081973590767
6.6000000000000005	0.20528757785554386
6.65	0.20557415626076941
6.7	0.20586055541067153
6.75	0.2061467763279165
6.799999999999999	0.20643281976445074
6.8500000000000005	0.2067186865349
6.8999999999999995	0.20700437736916066
6.950000000000001	0.2072898930495542
7.	0.20757523438628392
7.05	0.20786040215554
7.1	0.20814539711166705
7.1499999999999995	0.20843021998941672
7.199999999999999	0.208714871529068
7.25	0.20899935252564997
7.3	0.20928366364821976
7.35	0.20956780571071448
7.4	0.2098517793873684
7.45	0.21013558538938015
7.5	0.21041922450292344
7.55	0.21070269737394437
7.6	0.210986004684066
7.65	0.21126914708976768
7.7	0.2115521255200307
7.75	0.21183494046238516
7.800000000000001	0.21211759261765728
7.85	0.21240008272167576
7.9	0.21268241133248164
7.949999999999999	0.21296457928775528
8.	0.2132465872888789
8.049999999999999	0.21352843573428593
8.100000000000001	0.21381012549334658
8.149999999999999	0.21409165708104191
8.200000000000001	0.21437303120157022
8.25	0.21465424857390075
8.3	0.21493530955573764
8.35	0.21521621536424662
8.4	0.2154969658863627
8.45	0.21577756245666183
8.5	0.21605800515181264
8.55	0.21633829472500238
8.6	0.21661843182551935
8.65	0.21689841719484798
8.7	0.217178251273326
8.75	0.21745793469355715
8.8	0.21773746813431882
8.85	0.21801685181217245
8.9	0.2182960867596962
8.95	0.2185751736935518
9.	0.2188541123214821
9.05	0.21913290409590294
9.1	0.2194115492692309
9.15	0.21969004870582745
9.2	0.21996840199422857
9.25	0.22024661111156002
9.299999999999999	0.22052467547743163
9.350000000000001	0.220802595845469
9.399999999999999	0.22108037326454383
9.450000000000001	0.2213580078300499
9.5	0.22163550052069797
9.55	0.22191285124063584
9.6	0.22219006099981595
9.65	0.22246713018917502
9.7	0.22274405924222282
9.75	0.22302084881053325
9.8	0.22329749937196205
9.85	0.22357401148794806
9.9	0.22385038584612446
9.95	0.22412662233440367
10.	0.22440272211005033
10.049999999999999	0.22467868521266898
10.1	0.2249545123658539
10.150000000000002	0.22523020419867146
10.2	0.22550576111149187
10.25	0.22578118359759505
10.3	0.22605647185276276
10.350000000000001	0.2263316267775737
10.4	0.226606648543708
10.45	0.22688153789002632
10.5	0.22715629515702412
10.55	0.2274309210766668
10.600000000000001	0.22770541561032
10.649999999999999	0.227979779232848
10.7	0.22825401312084567
10.75	0.2285281169976894
10.8	0.22880209161966336
10.85	0.22907593739650203
10.899999999999999	0.2293496550207169
10.95	0.22962324464516853
11.	0.22989670687980326
11.05	0.23017004202590075
11.099999999999998	0.2304432506991152
11.15	0.230716333176842
11.200000000000001	0.23098929008352542
11.25	0.23126212175471855
11.299999999999999	0.23153482858281169
11.35	0.2318074108638293
11.400000000000002	0.23207986957382443
11.45	0.23235220427401523
11.5	0.23262441600765552
11.55	0.23289650529613265
11.600000000000001	0.23316847214936148
11.65	0.23344031721931463
11.7	0.23371204108974628
11.75	0.23398364366200378
11.8	0.23425512572943724
11.850000000000001	0.23452648797028752
11.899999999999999	0.23479772971176724
11.95	0.23506885250164525
12.	0.23533985606568147
12.05	0.23561074149461628
12.1	0.23588150853879025
12.149999999999999	0.23615215772849682
12.2	0.23642268956233117
12.25	0.23669310458814188
12.3	0.23696340280636805
12.349999999999998	0.23723358498076774
12.4	0.23750365117703
12.450000000000001	0.23777360198860206
12.5	0.23804343790449525
12.549999999999999	0.2383131588667113
12.6	0.23858276578164023
12.650000000000002	0.2388522586399466
12.7	0.23912163787398988
12.75	0.23939090420517797
12.8	0.23966005748937425
12.850000000000001	0.2399290983520943
12.9	0.24019802722009573
12.95	0.24046684473567478
13.	0.24073555022738552
13.05	0.24100414516242988
13.100000000000001	0.24127262934303467
13.149999999999999	0.24154100339443152
13.2	0.24180926758899504
13.25	0.24207742233379467
13.3	0.24234546751812155
13.35	0.24261340395106568
13.399999999999999	0.2428812321083259
13.45	0.24314895200988204
13.5	0.24341656416007776
13.55	0.24368406884460225
13.599999999999998	0.24395146647493018
13.65	0.24421875738336052
13.700000000000001	0.24448594195593662
13.75	0.2447530200310812
13.799999999999999	0.24501999301939995
13.85	0.24528686023723417
13.900000000000002	0.24555362202676456
13.95	0.24582027943759027
14.	0.24608683273926676
14.05	0.24635328141255064
14.100000000000001	0.24661962658259404
14.15	0.2468858682946878
14.2	0.24715200701792342
14.25	0.2474180431475561
14.3	0.24768397629580918
14.350000000000001	0.24794980804383737
14.399999999999999	0.2482155374978503
14.45	0.24848116541525775
14.5	0.2487466921392251
14.55	0.24901211824023878
14.6	0.2492774439304719
14.649999999999999	0.2495426692965764
14.7	0.24980779428264996
14.75	0.2500728201809648
14.8	0.2503377468337355
14.849999999999998	0.25060257387453955
14.9	0.25086730279625413
14.950000000000001	0.25113193317000154
15.	0.2513964654144168