0.5	-0.0006115945993985957
0.495	-0.0006294039086294985
0.49	-0.0006476522736872856
0.485	-0.0006663477351677703
0.48	-0.0006855004095853294
0.475	-0.0007051191839844277
0.47	-0.0007252124692177268
0.46499999999999997	-0.0007457901728473128
0.46	-0.0007668621624529014
0.455	-0.00078843819244355
0.45	-0.0008105264121999758
0.445	-0.0008331387589465251
0.44	-0.0008562828447487231
0.435	-0.0008799700983413763
0.43	-0.0009042108028939859
0.425	-0.0009290135840736482
0.42	-0.0009543899314379626
0.415	-0.0009803502872357823
0.41000000000000003	-0.001006903204361719
0.405	-0.0010340612975699053
0.4	-0.001061834250621027
0.395	-0.0010902325113661985
0.39	-0.0011192669814709994
0.385	-0.0011489492945547786
0.38	-0.0011792870513502901
0.375	-0.0012102943172835941
0.37	-0.0012419813657300464
0.365	-0.0012743584304619024
0.36	-0.0013074371647172145
0.355	-0.0013412284638585116
0.35	-0.001375745946758691
0.345	-0.0014109927678897611
0.33999999999999997	-0.0014469883362148027
0.33499999999999996	-0.001483741009360654
0.32999999999999996	-0.001521262255455025
0.325	-0.0015595631744463544
0.32	-0.0015986552571030266
0.315	-0.001638549331884086
0.31	-0.0016792575224574527
0.305	-0.001720790355120196
0.3	-0.001763159848185811
0.29500000000000004	-0.001806376560021304
0.29000000000000004	-0.0018504530694025436
0.28500000000000003	-0.001895399704381694
0.28	-0.0019412280872808175
0.275	-0.0019879495871488635
0.27	-0.0020355755660899375
0.265	-0.0020841167738192227
0.26	-0.002133585180111249
0.255	-0.0021839916541377337
0.25	-0.0022353478813163523
0.245	-0.002287664192875823
0.24	-0.0023409523209796655
0.235	-0.0023952226342946136
0.22999999999999998	-0.0024504868592649127
0.22499999999999998	-0.0025067552214925494
0.21999999999999997	-0.0025640394806489804
0.21500000000000002	-0.0026223501395320975
0.21000000000000002	-0.002681697670017957
0.20500000000000002	-0.0027420927201410386
0.2	-0.0028035464565051714
0.195	-0.0028660690032014384
0.19	-0.0029296741300697308
0.185	-0.0029943622795796983
0.18	-0.003060153048939156
0.175	-0.0031270545269623884
0.16999999999999998	-0.0031950765744280774
0.16499999999999998	-0.003264231893273672
0.15999999999999998	-0.0033345235067787668
0.15500000000000003	-0.0034059618284794386
0.15000000000000002	-0.0034785659682821076
0.14500000000000002	-0.0035523329239612114
0.14	-0.0036272821262819293
0.135	-0.003703418777886087
0.13	-0.003780755877207867
0.125	-0.0038592949588736256
0.12	-0.003939049272116481
0.11499999999999999	-0.004020027434693807
0.10999999999999999	-0.004102238222451494
0.10499999999999998	-0.00418568426317189
0.09999999999999998	-0.0042703888866771405
0.09499999999999997	-0.004356348378367344
0.09000000000000002	-0.004443571664648876
0.08500000000000002	-0.004532069292732775
0.08000000000000002	-0.004621847950323095
0.07500000000000001	-0.00471291662795551
0.07	-0.0048052812169498815
0.065	-0.004898949742978864
0.06	-0.004993929581856889
0.05499999999999999	-0.005090227423544305
0.04999999999999999	-0.005187850972426179
0.044999999999999984	-0.005286806094318791
0.03999999999999998	-0.005387098986558983
0.034999999999999976	-0.005488738418620996
0.030000000000000027	-0.005591728208314188
0.025000000000000022	-0.005696074616210186
0.020000000000000018	-0.005801785203103321
0.015000000000000013	-0.005908864594512737
0.010000000000000009	-0.0060173188174673055
0.0050000000000000044	-0.006127152489817027
0.	-0.00623837184767587
0.5	-0.0006115945993985957
0.505	-0.0005942142268153718
0.51	-0.0005772559283366653
0.515	-0.0005607093802975756
0.52	-0.0005445676677479245
0.525	-0.0005288203575067615
0.53	-0.0005134609185920875
0.535	-0.0004984801642575157
0.54	-0.0004838704405161795
0.545	-0.0004696237901153499
0.55	-0.00045573256965630323
0.555	-0.00044218840930241443
0.56	-0.00042898356289140766
0.565	-0.0004161120397460557
0.5700000000000001	-0.0004035648888614358
0.575	-0.0003913353154705769
0.58	-0.00037941617099442157
0.585	-0.00036780040299959127
0.59	-0.00035648079144817577
0.595	-0.000345450974072184
0.6	-0.0003347042571834612
0.605	-0.00032423412616666377
0.61	-0.0003140331080137334
0.615	-0.00030409629325190335
0.62	-0.00029441633130005806
0.625	-0.0002849872378852417
0.63	-0.0002758034307685367
0.635	-0.00026685816860190113
0.64	-0.00025814667465942084
0.645	-0.00024966255065421135
0.65	-0.0002414009737463025
0.655	-0.00023335453511890477
0.66	-0.0002255193425804474
0.665	-0.00021789029694283137
0.67	-0.0002104617506380274
0.675	-0.00020322840430357495
0.6799999999999999	-0.00019618565814670785
0.685	-0.00018932819177406898
0.69	-0.00018265146688859531
0.6950000000000001	-0.00017615079541731077
0.7	-0.0001698216730911845
0.705	-0.00016365889042370643
0.71	-0.0001576592873879339
0.715	-0.00015181756222078577
0.72	-0.0001461297492913444
0.725	-0.0001405918121740289
0.73	-0.00013519925678145023
0.735	-0.0001299489528434342
0.74	-0.00012483632302334136
0.745	-0.00011985785658370359
0.75	-0.00011500966924049936
0.755	-0.00011028831963792698
0.76	-0.00010569030855843992
0.765	-0.00010121187824627379
0.77	-0.0000968498910893841
0.775	-0.00009260086175236722
0.78	-0.00008846166528720181
0.7849999999999999	-0.00008442913376557624
0.79	-0.00008050002237611869
0.7949999999999999	-0.00007667166072699373
0.8	-0.00007294079642473012
0.8049999999999999	-0.00006930473448112558
0.81	-0.00006576057629975418
0.815	-0.0000623054368098142
0.8200000000000001	-0.000058936921059680165
0.825	-0.00005565227651444164
0.8300000000000001	-0.00005244899571743209
0.835	-0.0000493245831219714
0.8400000000000001	-0.00004627660825081337
0.845	-0.0000433027235909041
0.85	-0.00004040044957950951
0.855	-0.0000375677989536238
0.86	-0.000034802415129417756
0.865	-0.00003210223552467098
0.87	-0.000029465182164579733
0.875	-0.000026889077865924476
0.88	-0.00002437209334806384
0.885	-0.000021912306154958528
0.89	-0.00001950773526955703
0.895	-0.00001715663502856299
0.9	-0.000014857083376699232
0.905	-0.000012607444715132561
0.9099999999999999	-0.00001040594587217499
0.915	-8.251102700175275e-6
0.9199999999999999	-6.141155201916776e-6
0.925	-4.074571556064678e-6
0.9299999999999999	-2.0496808018443277e-6
0.935	-6.518647067482384e-8
0.94	1.880491355789319e-6
0.9450000000000001	3.788591072418637e-6
0.95	5.660570167352565e-6
0.9550000000000001	7.497554737039724e-6
0.96	9.301039554018224e-6
0.9650000000000001	0.000011072606320560752
0.97	0.000012813247058897482
0.975	0.000014523575442395175
0.98	0.00001620564349399443
0.985	0.000017860257710278463
0.99	0.00001948844671109687
0.995	0.000021091193011395876
1.	0.000022669846411129464