30.	3.935909401394688e-6
29.8	3.990096528814875e-6
29.6	4.045223136311951e-6
29.4	4.101313070206466e-6
29.2	4.158397452633757e-6
29.	4.216503512249172e-6
28.8	4.275621815624084e-6
28.6	4.335787182425247e-6
28.4	4.397041912718293e-6
28.2	4.459370317697889e-6
28.	4.5228402295310535e-6
27.8	4.587433012596213e-6
27.6	4.653193382250062e-6
27.4	4.720137130406097e-6
27.2	4.788292335701124e-6
27.	4.857686016137118e-6
26.8	4.928316484395529e-6
26.6	5.000280050967016e-6
26.4	5.0735191404076255e-6
26.2	5.148126426113347e-6
26.	5.224090671638054e-6
25.8	5.301449472590789e-6
25.6	5.380230647831603e-6
25.4	5.4604815792258485e-6
25.2	5.542183651084536e-6
25.	5.625403516393945e-6
24.8	5.7101841075882195e-6
24.6	5.796515280598028e-6
24.4	5.884478355158223e-6
24.2	5.974063681747206e-6
24.	6.0652994710790185e-6
23.8	6.158258543680846e-6
23.6	6.252956353589632e-6
23.4	6.349412589961186e-6
23.2	6.44766195339521e-6
23.	6.5477591633088346e-6
22.8	6.649715430387132e-6
22.6	6.753577276926543e-6
22.4	6.8593517046876926e-6
22.2	6.967148006790011e-6
22.	7.076914877338218e-6
21.8	7.188731572650102e-6
21.6	7.302638225317733e-6
21.4	7.41865622859499e-6
21.2	7.536794613385843e-6
21.	7.657360807152679e-6
20.8	7.779701194363137e-6
20.6	7.904500948736585e-6
20.4	8.031569370580827e-6
20.2	8.160965115788392e-6
20.	8.292686442975413e-6
19.8	8.426789199644089e-6
19.6	8.563265886466523e-6
19.4	8.70220238489174e-6
19.2	8.843528680046515e-6
19.	8.98739053562904e-6
18.8	9.133737764252317e-6
18.6	9.282572171083933e-6
18.4	9.433955585097658e-6
18.2	9.587840471117048e-6
18.	9.744248827673286e-6
17.8	9.903229782873957e-6
17.6	0.000010064744366065934
17.4	0.000010228760231982914
17.2	0.00001039528916533834
17.	0.000010564301124656046
16.8	0.000010735797554342777
16.6	0.000010909706887390885
16.4	0.000011085971642312998
16.2	0.000011264533313129057
16.	0.000011445347052227927
15.8	0.000011628336550828872
15.6	0.000011813351355820642
15.4	0.0000120003215656291
15.2	0.000012189109042307464
15.	0.000012379551811014445
14.8	0.000012571485680671374
14.6	0.00001276472659142938
14.4	0.00001295902601171353
14.2	0.00001315415159798531
14.	0.000013349795000997744
13.8	0.000013545682217729386
13.6	0.000013741467113188037
13.4	0.000013936694532464125
13.2	0.000014131174440907339
13.	0.000014324032768265991
12.8	0.000014514903938702609
12.6	0.000014703166135883313
12.4	0.000014888188896402945
12.2	0.000015069197180586769
12.	0.000015245366142023109
11.8	0.000015415944767120796
11.6	0.000015579756556849355
11.4	0.00001573576029553384
11.2	0.00001588287669871798
11.	0.000016019665060642805
10.8	0.000016144729633606056
10.6	0.000016256542642608668
10.4	0.0000163533352386326
10.2	0.00001643329178053055
10.	0.000016494362093735077
9.8	0.000016534387192415894
9.6	0.000016550982306511366
9.4	0.000016541625033750623
9.2	0.000016503395642844832
9.	0.000016433919502371444
8.8	0.000016329561124392027
8.6	0.000016187170229903154
8.4	0.000016003207310733476
8.2	0.000015773832159614796
8.	0.000015494568541491316
7.8	0.000015160843637711644
7.6	0.000014766079580060031
7.4	0.000014301130676474427
7.2	0.00001375121158107173
7.	0.000013089712604738047
6.8	0.00001226543803909321
6.6	0.000011175279884386674
6.4	9.606536356475571e-6
6.2	7.1144022290370996e-6
6.	2.762467447793248e-6
5.8	-5.422368337582013e-6
5.6	-0.00002157287132200216
5.4	-0.00005422987979474441
5.2	-0.00012060929706104208
5.	-0.0002540569603737689
4.8	-0.0005154341617578937
4.6	-0.001007030204307391
4.4	-0.0018835522191283218
4.2	-0.003352096852930702
4.	-0.005657370623702163
30.	3.935909401394688e-6
30.2	3.8826730679115726e-6
30.4	3.83032967969728e-6
30.6	3.7788864923071647e-6
30.8	3.7283073933200793e-6
31.	3.678606316404767e-6
31.2	3.629732244739568e-6
31.4	3.581682968050827e-6
31.6	3.5344476380024956e-6
31.8	3.488000829103397e-6
32.	3.442330171321627e-6
32.2	3.3974189775294807e-6
32.4	3.3532477995675085e-6
32.6	3.309814958742352e-6
32.8	3.267104083901453e-6
33.	3.2250918908289376e-6
33.2	3.1837348626823635e-6
33.4	3.143117381782593e-6
33.6	3.1031263105815143e-6
33.8	3.06379483984321e-6
34.	3.0250919371664127e-6
34.2	2.987017320388906e-6
34.4	2.9495579634642687e-6
34.6	2.912692751853539e-6
34.8	2.876417170560224e-6
35.	2.840730607571407e-6
35.2	2.8056085182276465e-6
35.4	2.7710388154878487e-6
35.6	2.737021927238485e-6
35.8	2.7035271588514584e-6
36.	2.6705541920930853e-6
36.2	2.6381128713167704e-6
36.4	2.6061744672268036e-6
36.6	2.574732092799534e-6
36.8	2.543768977335556e-6
37.	2.513290126515305e-6
37.2	2.4832815874574387e-6
37.4	2.453727531035882e-6
37.6	2.4246344530224925e-6
37.8	2.3959796666341043e-6
38.	2.367759419620337e-6
38.2	2.339963738275135e-6
38.4	2.312592372892151e-6
38.6	2.285631232083748e-6
38.8	2.259077469234806e-6
39.	2.2329183367998548e-6
39.2	2.2071490453354733e-6
39.4	2.1817620486804e-6
39.6	2.1567524681757655e-6
39.8	2.1321175290796557e-6
40.	2.107843060281077e-6
40.2	2.0839154802643237e-6
40.4	2.060345885025446e-6
40.6	2.0371149290288065e-6
40.8	2.0142245177890857e-6
41.	1.9916697213235184e-6
41.2	1.969434229900668e-6
41.4	1.9475194256193726e-6
41.6	1.925909092172539e-6
41.8	1.9046345951284697e-6
42.	1.8836468077892176e-6
42.2	1.8629654358092102e-6
42.4	1.8425664914749702e-6
42.6	1.8224648274850106e-6
42.8	1.8026509301183826e-6
43.	1.7831053866656806e-6
43.2	1.7638343867270365e-6
43.4	1.7448328487726437e-6
43.6	1.726103294926186e-6
43.8	1.7076337919936658e-6
44.	1.6893951770956265e-6
44.2	1.6714262414476188e-6
44.4	1.6537256403919899e-6
44.6	1.6362216140422775e-6
44.8	1.6189833994095998e-6
45.	1.6019948379254314e-6
45.2	1.5851980440091621e-6
45.4	1.5686720656768449e-6
45.6	1.5523279615427116e-6
45.8	1.5362598198949535e-6
46.	1.520352427536785e-6
46.2	1.5046513477848173e-6
46.4	1.4892077439586207e-6
46.6	1.473924457294853e-6
46.8	1.458859470669097e-6
47.	1.4440236816090096e-6
47.2	1.4293600718521165e-6
47.4	1.4148879377942107e-6
47.6	1.4006050277645492e-6
47.8	1.386509766520868e-6
48.	1.3725956077182103e-6
48.2	1.3588640868617296e-6
48.4	1.3452980645425905e-6
48.6	1.3319109637253083e-6
48.8	1.3187241708358656e-6
49.	1.3056681633524052e-6
49.2	1.2928191678590654e-6
49.4	1.2801119170283377e-6
49.6	1.2675473238312089e-6
49.8	1.2551628471949034e-6
50.	1.2429318363732494e-6