30.	0.1836382491706197
29.8	0.18478739442272638
29.6	0.18595095570961875
29.4	0.18712920484265325
29.2	0.18832242031583013
29.	0.18953088788642802
28.8	0.1907549004980679
28.6	0.19199475837130445
28.4	0.19325076992261464
28.2	0.19452325124892195
28.	0.195812526806478
27.8	0.19711892954879023
27.6	0.19844280125650643
27.4	0.1997844927794058
27.2	0.20114436439074124
27.	0.20252278619666506
26.8	0.2039201379931208
26.6	0.2053368104151389
26.4	0.20677320446034303
26.2	0.20822973247191506
26.	0.20970681815823444
25.8	0.21120489718840801
25.6	0.21272441743136636
25.4	0.21426583961838847
25.2	0.21582963756732035
25.	0.21741629894839953
24.8	0.21902632525323013
24.6	0.22066023283150787
24.4	0.22231855354106383
24.2	0.22400183435015203
24.	0.22571063894636648
23.8	0.22744554811293669
23.6	0.2292071597112745
23.4	0.23099609066160184
23.2	0.23281297581667096
23.	0.23465847043977178
22.8	0.23653324989095517
22.6	0.23843801085720173
22.4	0.24037347191270395
22.2	0.24234037494955696
22.	0.2443394851002219
21.8	0.24637159262225866
21.6	0.24843751346224216
21.4	0.2505380903328354
21.2	0.25267419383083517
21.	0.2548467234323865
20.8	0.2570566098686504
20.6	0.2593048136450085
20.4	0.26159232925503384
20.2	0.263920185234802
20.	0.2662894455717421
19.8	0.2687012116638655
19.6	0.2711566236923963
19.4	0.27365686212685303
19.2	0.2762031500210031
19.	0.2787967538612177
18.8	0.2814389876749358
18.6	0.2841312118966076
18.4	0.28687483855970397
18.2	0.289671331909965
18.	0.292522211153895
17.8	0.295429053314808
17.6	0.29839349540058124
17.4	0.3014172376646362
17.2	0.3045020466384211
17.	0.3076497574219464
16.8	0.3108622781352462
16.6	0.3141415929698988
16.4	0.3174897653909677
16.2	0.3209089427559891
16.	0.32440135963091654
15.8	0.32796934295591285
15.6	0.3316153164614747
15.4	0.33534180437657995
15.2	0.3391514386761913
15.	0.3430469618730752
14.8	0.3470312349178881
14.6	0.35110724195224785
14.4	0.35527809710353725
14.2	0.35954705100049256
14.	0.36391749785727145
13.8	0.3683929826818401
13.6	0.3729772104864978
13.4	0.37767405134623533
13.2	0.3824875531202648
13.	0.3874219471534955
12.8	0.3924816600267711
12.6	0.39767132277631606
12.4	0.40299578084313514
12.2	0.4084601062127593
12.	0.4140696082143113
11.8	0.4198298444667553
11.6	0.425746635288199
11.4	0.4318260735639424
11.2	0.43807453950789677
11.	0.4444987137959502
10.8	0.451105587752796
10.6	0.4579024794498947
10.4	0.46489704518647307
10.2	0.472097289449354
10.	0.47951157819816115
9.8	0.48714864602628183
9.6	0.4950176029129226
9.4	0.5031279384142655
9.2	0.511489521240666
9.	0.5201125922093374
8.8	0.5290077494166482
8.6	0.5381859282055648
8.4	0.5476583615052638
8.2	0.5574365277286688
8.	0.567532077464769
7.8	0.5779567264684264
7.6	0.5887221195010571
7.4	0.5998396365853269
7.2	0.6113201375346577
7.	0.6231736172008812
6.8	0.635408740385394
6.6	0.6480322123144014
6.4	0.6610479213605142
6.2	0.6744557605036984
6.	0.6882500025341868
5.8	0.7024170476945826
5.6	0.7169323583375764
5.4	0.7317564130893756
5.2	0.7468298325974997
5.	0.762068563309287
4.8	0.7773614060519575
4.6	0.7925734968967301
4.4	0.8075582997418173
4.2	0.8221749161426065
4.	0.8363001154398091
30.	0.1836382491706197
30.2	0.18250325481818505
30.4	0.18138215268569155
30.6	0.1802746903180907
30.8	0.17918062126712164
31.	0.17809970506809675
31.2	0.17703170680008587
31.4	0.17597639717779906
31.6	0.17493355242839007
31.8	0.17390295362714142
32.	0.172884387169853
32.2	0.17187764439573586
32.4	0.1708825212454493
32.6	0.16989881859655648
32.8	0.1689263415212532
33.	0.16796489959273186
33.2	0.16701430679743845
33.4	0.16607438097247473
33.6	0.16514494437687907
33.8	0.1642258228117694
34.	0.16331684594442383
34.2	0.16241784767823667
34.4	0.16152866474683408
34.6	0.1606491378668389
34.8	0.1597791111429169
35.	0.15891843208496406
35.2	0.15806695090178557
35.4	0.15722452160557748
35.6	0.15639100090885272
35.8	0.1555662488190826
36.	0.15475012779596103
36.2	0.15394250400169743
36.4	0.15314324534803878
36.6	0.15235222284914895
36.8	0.15156931005454835
37.	0.15079438384723245
37.2	0.15002732229236385
37.4	0.14926800689154363
37.6	0.14851632138651283
37.8	0.1477721512974631
38.	0.14703538485390102
38.2	0.1463059121390696
38.4	0.14558362630709407
38.6	0.1448684212342116
38.8	0.1441601941318479
39.	0.14345884309171755
39.2	0.14276426888081972
39.4	0.1420763738839149
39.6	0.14139506286337747
39.8	0.14072024175561426
40.	0.1400518182991922
40.2	0.13938970195637448
40.4	0.1387338045688811
40.6	0.13808403847774822
40.8	0.13744031897215137
41.	0.13680256233918012
41.2	0.13617068545371486
41.4	0.13554460798232376
41.6	0.13492425028176533
41.8	0.13430953549693683
42.	0.13370038615164073
42.2	0.13309672722431815
42.4	0.13249848516273666
42.6	0.13190558800483707
42.8	0.131317963758064
43.	0.13073554289669104
43.2	0.13015825666732844
43.4	0.12958603771870023
43.6	0.1290188195864391
43.8	0.1284565372169066
44.	0.12789912667931758
44.2	0.12734652466644195
44.4	0.12679866966997796
44.6	0.12625550087221518
44.8	0.12571695845873232
45.	0.1251829835812455
45.2	0.12465351856748208
45.4	0.12412850651645388
45.6	0.1236078918611719
45.8	0.12309161916540176
46.	0.122579635056218
46.2	0.12207188595715492
46.4	0.12156831978381054
46.6	0.12106888508251867
46.8	0.12057353140358765
47.	0.1200822086765469
47.2	0.11959486861351978
47.4	0.11911146203136286
47.6	0.11863194263941888
47.8	0.11815626325677865
48.	0.11768437807770359
48.2	0.11721624201466482
48.4	0.11675181066155374
48.6	0.11629104069077276
48.8	0.11583388747569459
49.	0.11538031098205218
49.2	0.1149302671061301
49.4	0.11448371605196993
49.6	0.11404061759216917
49.8	0.11360093147303302
50.	0.11316461851333139