45.	0.3201836138621015
44.8	0.3203318938533739
44.6	0.32048193628839283
44.4	0.3206337695365242
44.2	0.32078742261779825
44.	0.32094292507684974
43.8	0.32110030718907834
43.6	0.32125959975671187
43.4	0.321420834180929
43.2	0.3215840425930678
43.	0.3217492577525956
42.8	0.3219165130864626
42.6	0.32208584268894924
42.4	0.3222572814813318
42.2	0.32243086505188634
42.	0.32260662969664833
41.8	0.32278461258385
41.6	0.3229648515575711
41.4	0.3231473853792816
41.2	0.32333225359831086
41.	0.32351949658150125
40.8	0.32370915563719604
40.6	0.32390127290503784
40.4	0.32409589158005364
40.2	0.3242930554884374
40.	0.32449280985538675
39.8	0.32469520061993906
39.6	0.32490027477606126
39.4	0.32510808045574685
39.2	0.32531866681080374
39.	0.32553208397508054
38.8	0.32574838355879493
38.6	0.3259676180155652
38.4	0.32618984103642595
38.2	0.3264151077229493
38.	0.3266434743084636
37.8	0.3268749983328674
37.6	0.3271097386672211
37.4	0.3273477556697037
37.2	0.3275891108354542
37.	0.3278338675006184
36.8	0.3280820900678446
36.6	0.3283338448136734
36.4	0.3285891994718633
36.2	0.32884822323743484
36.	0.3291109872337513
35.8	0.3293775641552168
35.6	0.3296480284924953
35.4	0.32992245650710395
35.2	0.330200926286628
35.	0.33048351799391573
34.8	0.33077031379490834
34.6	0.3310613975760816
34.4	0.3313568555268933
34.2	0.33165677610367056
34.	0.33196124995538345
33.8	0.3322703696048035
33.6	0.33258423052906655
33.4	0.33290293032889395
33.2	0.3332265690182951
33.	0.33355524938066095
32.8	0.33388907674395607
32.6	0.33422815912445725
32.4	0.3345726076308999
32.2	0.33492253598929655
32.	0.33527806106908026
31.8	0.33563930261802066
31.6	0.33600638403163874
31.4	0.3363794313741326
31.2	0.33675857458138686
31.	0.33714394694899397
30.8	0.33753568543491336
30.6	0.337933930633831
30.4	0.338338827113327
30.2	0.3387505229405745
30.	0.3391691711493329
29.8	0.33959492810943
29.6	0.3400279554518242
29.4	0.34046841840560166
29.2	0.3409164874726135
29.	0.34137233797222655
28.8	0.34183614995211303
28.6	0.3423081088756849
28.4	0.3427884050288332
28.2	0.3432772348533279
28.	0.343774800232689
27.8	0.34428130870830154
27.6	0.3447969740861744
27.4	0.3453220167619506
27.2	0.34585666290928957
27.	0.3464011464107216
26.8	0.34695570709696216
26.6	0.34752059293376003
26.4	0.3480960585814167
26.2	0.34868236748435816
26.	0.3492797896409911
25.8	0.3498886045758437
25.6	0.350509100088004
25.4	0.3511415726746222
25.2	0.35178632770505025
25.	0.3524436813722785
24.8	0.353113958163484
24.6	0.3537974941787086
24.4	0.3544946354150935
24.2	0.35520573928504856
24.	0.3559311739385222
23.8	0.35667132063834694
23.6	0.35742657144124457
23.4	0.358197332674976
23.2	0.3589840229161545
23.	0.3597870741973935
22.8	0.3606069340666671
22.6	0.3614440635960304
22.4	0.36229894029533516
22.2	0.3631720565762174
22.	0.3640639218995109
21.8	0.3649750627289511
21.6	0.3659060238738835
21.4	0.3668573676625132
21.2	0.36782967664050054
21.	0.36882355273587186
20.8	0.369839618227999
20.6	0.37087851735244004
20.4	0.37194091739499974
20.2	0.37302750670780677
20.	0.37413900002685896
19.8	0.37527613568096213
19.6	0.37643967799199846
19.4	0.3776304186953774
19.2	0.3788491770255504
19.	0.38009680137421875
18.8	0.3813741698649677
18.6	0.38268219216782956
18.4	0.3840218103490976
18.2	0.3853939994952937
18.	0.38679976961232854
17.8	0.38824016653975696
17.6	0.38971627377220447
17.4	0.391229212567783
17.2	0.3927801446833316
17.	0.39437027237251226
16.8	0.396000840746292
16.6	0.3976731385841638
16.4	0.39938849961459705
16.2	0.4011483041551034
16.	0.4029539800403319
15.8	0.40480700425835814
15.6	0.40670890338012344
15.4	0.4086612553699653
15.2	0.41066569080871523
15.	0.4127238924229863
14.8	0.41483759735235565
14.6	0.4170085963884804
14.4	0.41923873516990323
14.2	0.42152991375450183
14.	0.4238840863091091
13.8	0.4263032603793145
13.6	0.4287894963665641
13.4	0.43134490454055857
13.2	0.4339716442007594
13.	0.43667192015712014
12.8	0.4394479787468112
12.6	0.44230210447366414
12.4	0.4452366133948149
12.2	0.4482538478239191
12.	0.4513561683776
11.8	0.4545459459567611
11.6	0.45782555157362126
11.4	0.46119734787178046
11.2	0.46466367355245275
11.	0.4682268352435015
10.8	0.4718890922203992
10.6	0.4756526432010972
10.4	0.47951961348545996
10.2	0.4834920421008735
10.	0.4875718709916167
45.	0.3201836138621015
45.2	0.32003706840478857
45.4	0.31989223020857716
45.6	0.3197490724254628
45.8	0.31960756881754937
46.	0.3194676937002095
46.2	0.3193294217443043
46.4	0.3191927281921186
46.6	0.31905758885716506
46.8	0.31892397981622417
47.	0.318791877737389
47.2	0.3186612597800716
47.4	0.31853210331629483
47.6	0.3184043863979124
47.8	0.31827808735675134
48.	0.3181531849233865
48.2	0.3180296582851799
48.4	0.31790748696063464
48.6	0.31778665088681934
48.8	0.3176671304069631
49.	0.31754890612051984
49.2	0.3174319590606248
49.4	0.31731627057298145
49.6	0.3172018223958763
49.8	0.3170885965350182
50.	0.3169765753502484
50.2	0.31686574151749336
50.4	0.3167560780326896
50.6	0.316647568174188
50.8	0.3165401955786941
51.	0.31643394403933484
51.2	0.31632879778106
51.4	0.3162247412447172
51.6	0.3161217591494926
51.8	0.31601983646502857
52.	0.3159189584596305
52.2	0.3158191106240916
52.4	0.3157202787131366
52.6	0.31562244874162254
52.8	0.31552560696979715
53.	0.3154297398476692
53.2	0.3153348340829258
53.4	0.31524087664645495
53.6	0.31514785470146406
53.8	0.31505575557092813
54.	0.3149645669205597
54.2	0.3148742764808958
54.4	0.3147848722893548
54.6	0.31469634254244344
54.8	0.31460867567567596
55.	0.3145218602285543
55.2	0.31443588503035
55.4	0.31435073901382765
55.6	0.3142664113198822
55.8	0.3141828913213162
56.	0.3141001684871192
56.2	0.314018232506408
56.4	0.3139370731939533
56.6	0.31385668058421357
56.8	0.31377704481443663
57.	0.31369815623878416
57.2	0.3136200052934509
57.4	0.3135425826399993
57.6	0.31346587904581175
57.8	0.3133898854523129
58.	0.3133145929094919
58.2	0.31323999261936497
58.4	0.31316607596453444
58.6	0.31309283441608143
58.8	0.31302025956356394
59.	0.3129483431844991
59.2	0.3128770771381411
59.4	0.31280645343241065
59.6	0.31273646418477696
59.8	0.31266710165080597
60.	0.3125983581921397
60.2	0.3125302262895893
60.4	0.31246269853989245
60.6	0.3123957676376447
60.8	0.3123294264239297
61.	0.31226366781204024
61.2	0.31219848483265356
61.4	0.31213387063269676
61.6	0.3120698184450669
61.8	0.3120063216241383
62.	0.31194337359124524
62.2	0.3118809678915587
62.4	0.31181909817748643
62.6	0.31175775815354334
62.8	0.3116969416481533
63.	0.31163664256878976
63.2	0.3115768549122621
63.4	0.3115175727680293
63.6	0.31145879030583423
63.8	0.3114005017881326
64.	0.3113427015478342
64.2	0.31128538401106853
64.4	0.3112285436712404
64.6	0.31117217511796186
64.8	0.3111162730114275
65.	0.31106083206808405
65.2	0.3110058471106973
65.4	0.3109513130189516
65.6	0.3108972247377462
65.8	0.31084357729750306
66.	0.3107903657934042
66.2	0.31073758539995705
66.4	0.3106852313295839
66.6	0.3106332988780626
66.8	0.3105817834247567
67.	0.3105306803861096
67.2	0.3104799852415579
67.4	0.3104296935617195
67.6	0.3103798009477177
67.8	0.31033030308689513
68.	0.31028119568608836
68.2	0.31023247455802605
68.4	0.3101841355302909
68.6	0.31013617451714615
68.8	0.3100885874688891
69.	0.31004137041077434
69.2	0.30999451941109446
69.4	0.30994803057617554
69.6	0.30990190008765145
69.8	0.30985612415034713
70.	0.3098106990346201
70.2	0.3097656210973702
70.4	0.3097208866806613
70.6	0.3096764921885022
70.8	0.30963243410774105
71.	0.30958870895069046
71.2	0.309545313231547
71.4	0.3095022436355157
71.6	0.3094594967440392
71.8	0.3094170692482207
72.	0.30937495790914055
72.2	0.30933315947108353
72.4	0.3092916707711466
72.6	0.30925048864603066
72.8	0.309209610003521
73.	0.30916903179117866
73.2	0.3091287509585633
73.4	0.3090887645366525
73.6	0.3090490695683271
73.8	0.3090096631484578
74.	0.3089705423984011
74.2	0.3089317044797302
74.4	0.30889314658736183
74.6	0.3088548659633679
74.8	0.3088168598405115
75.	0.3087791255613677
75.2	0.3087416604569381
75.4	0.30870446185483774
75.6	0.30866752718637663
75.8	0.3086308538771521
76.	0.3085944393802772
76.2	0.3085582812033444
76.4	0.3085223768587187
76.6	0.30848672390912
76.8	0.3084513199221667
77.	0.3084161625449684
77.2	0.30838124938999134
77.4	0.3083465781291117
77.6	0.3083121464900082
77.8	0.30827795215667325
78.	0.30824399292726595
78.2	0.3082102665477887
78.4	0.30817677092673634
78.6	0.30814350363016074
78.8	0.3081104627853149
79.	0.3080776461858464
79.2	0.3080450517389988
79.4	0.3080126773804992
79.6	0.3079805210531668
79.8	0.30794858077410286
80.	0.3079168545216032