45.	4.80968404801088e-10
44.8	4.91659496122611e-10
44.6	5.026131026802528e-10
44.4	5.13838562804931e-10
44.2	5.253420867413886e-10
44.	5.37121682615961e-10
43.8	5.492115617802391e-10
43.6	5.615957447351137e-10
43.4	5.742858771024435e-10
43.2	5.872855702900072e-10
43.	6.006196253221219e-10
42.8	6.139552862212108e-10
42.6	6.283177110471543e-10
42.4	6.426829768621758e-10
42.2	6.573959933739133e-10
42.	6.72494163873955e-10
41.8	6.878876773063946e-10
41.6	7.039412861903365e-10
41.4	7.200659359540632e-10
41.2	7.367744838933843e-10
41.	7.542338805530715e-10
40.8	7.713929325917923e-10
40.6	7.893781682400851e-10
40.4	8.077907668218578e-10
40.2	8.267174159946855e-10
40.	8.460714178669585e-10
39.8	8.659404717825635e-10
39.6	8.861060881569895e-10
39.4	9.074985768275735e-10
39.2	9.28616578916138e-10
39.	9.505748715589004e-10
38.8	9.731014034570594e-10
38.6	9.96026423216119e-10
38.4	1.0198463139186923e-9
38.2	1.043980197646202e-9
38.	1.0690034382947518e-9
37.8	1.0944980083435064e-9
37.6	1.1206434607410536e-9
37.4	1.1474494441927105e-9
37.2	1.175193812834457e-9
37.	1.2030875698286034e-9
36.8	1.2319508622263709e-9
36.6	1.2615492667148955e-9
36.4	1.2918610339817232e-9
36.2	1.3228714524016391e-9
36.	1.3547716655740449e-9
35.8	1.3873216271829865e-9
35.6	1.4207643588307657e-9
35.4	1.4549434961433742e-9
35.2	1.4899431451973636e-9
35.	1.5257144068129675e-9
34.8	1.5621561369894448e-9
34.6	1.6001482389455262e-9
34.4	1.6385617172929623e-9
34.2	1.6714528433076855e-9
34.	1.6905115336045299e-9
33.8	1.7592975660455227e-9
33.6	1.801375726702309e-9
33.4	1.8443905554294279e-9
33.2	1.8883150366455835e-9
33.	1.9331353664244027e-9
32.8	1.979015620941965e-9
32.6	2.0257753647399104e-9
32.4	2.0734950809741234e-9
32.2	2.122122914615529e-9
32.	2.1716933125672514e-9
31.8	2.2221803811140166e-9
31.6	2.2692861676972307e-9
31.4	2.325863382476308e-9
31.2	2.3789937638074554e-9
31.	2.4421904086705443e-9
30.8	2.487733783756826e-9
30.6	2.543278877317422e-9
30.4	2.5994899606883105e-9
30.2	2.6558883801600353e-9
30.	2.7137965846894576e-9
29.8	2.770157431751737e-9
29.6	2.8301805439057584e-9
29.4	2.8888679276343886e-9
29.2	2.947783054462043e-9
29.	3.0067517818849852e-9
28.8	3.065648373591156e-9
28.6	3.124393412056516e-9
28.4	3.1825560528815947e-9
28.2	3.2401080549902993e-9
28.	3.2967930134106833e-9
27.8	3.3523502440894645e-9
27.6	3.406446863749454e-9
27.4	3.464423742981792e-9
27.2	3.5089123062006103e-9
27.	3.5564764611418e-9
26.8	3.600996175028605e-9
26.6	3.6416689297114636e-9
26.4	3.67868906479434e-9
26.2	3.7106047327560146e-9
26.	3.737051620322607e-9
25.8	3.7325933260348344e-9
25.6	3.769565066279824e-9
25.4	3.777310826475687e-9
25.2	3.768842191863458e-9
25.	3.752791024963947e-9
24.8	3.7247030634502875e-9
24.6	3.68278746761176e-9
24.4	3.6252642307116913e-9
24.2	3.550213500107139e-9
24.	3.4552620949279284e-9
23.8	3.3379749680275637e-9
23.6	3.1975483628916594e-9
23.4	3.024718178714063e-9
23.2	2.8221081035596093e-9
23.	2.58344020398045e-9
22.8	2.304577150808001e-9
22.6	1.9802233224653902e-9
22.4	1.604758342174185e-9
22.2	1.1717333782274702e-9
22.	6.739786956402124e-10
21.8	1.0338177593510754e-10
21.6	-5.487555102455943e-10
21.4	-1.2948093690369712e-9
21.2	-2.141864279104916e-9
21.	-3.1123428007214422e-9
20.8	-4.213269836555224e-9
20.6	-5.4619432553647515e-9
20.4	-6.8858814726619925e-9
20.2	-8.50025554621369e-9
20.	-1.0336202686308808e-8
19.8	-1.2415685987213928e-8
19.6	-1.477852033630572e-8
19.4	-1.7466043261441427e-8
19.2	-2.0517051283600915e-8
19.	-2.3981543098901115e-8
18.8	-2.7925647305856627e-8
18.6	-3.241771179481711e-8
18.4	-3.7532275174052055e-8
18.2	-4.3381708839387824e-8
18.	-5.002478071467032e-8
17.8	-5.763047647761358e-8
17.6	-6.633408920438306e-8
17.4	-7.631646275800792e-8
17.2	-8.775458415804886e-8
17.	-1.008969141904375e-7
16.8	-1.1602877109305098e-7
16.6	-1.3345933700023818e-7
16.4	-1.5359207719245415e-7
16.2	-1.768856785641313e-7
16.	-2.038468529832874e-7
15.8	-2.3518049681723207e-7
15.6	-2.716424980664791e-7
15.4	-3.141715584845419e-7
15.2	-3.638932632686869e-7
15.	-4.2214106130257613e-7
14.8	-4.905790234266409e-7
14.6	-5.711631857383639e-7
14.4	-6.663281547621653e-7
14.2	-7.789618426206843e-7
14.	-9.127104899785722e-7
13.8	-1.0719550503752221e-6
13.6	-1.2620845319277965e-6
13.4	-1.489878673613792e-6
13.2	-1.7635640793047648e-6
13.	-2.0933686477941735e-6
12.8	-2.492540043851803e-6
12.6	-2.976746313051962e-6
12.4	-3.5663273120374376e-6
12.2	-4.286801551972106e-6
12.	-5.170337895063586e-6
11.8	-6.257784981180275e-6
11.6	-7.601145290071165e-6
11.4	-9.266874316101984e-6
11.2	-0.000011340163375658401
11.	-0.000013930592431145472
10.8	-0.000017179585030217944
10.6	-0.00002127026522734837
10.4	-0.000026440427825210552
10.2	-0.00003299975914409471
10.	-0.00004135286614933323
45.	4.80968404801088e-10
45.2	4.706154006811186e-10
45.4	4.604313169163995e-10
45.6	4.503856892861181e-10
45.8	4.4071838350492967e-10
46.	4.312488559800704e-10
46.2	4.2187205946246556e-10
46.4	4.129862252140079e-10
46.6	4.041853321232001e-10
46.8	3.955732536931715e-10
47.	3.871832497144655e-10
47.2	3.7895304017322896e-10
47.4	3.709822545103275e-10
47.6	3.6319739625996283e-10
47.8	3.5553541886794477e-10
48.	3.4808175648819487e-10
48.2	3.408023914222037e-10
48.4	3.33693568298829e-10
48.6	3.266497045967341e-10
48.8	3.1995321780854165e-10
49.	3.133379668651368e-10
49.2	3.068625756355924e-10
49.4	3.005482252366996e-10
49.6	2.9421907920771114e-10
49.8	2.8830003633472036e-10
50.	2.824422693179357e-10
50.2	2.7667829031978105e-10
50.4	2.7105039835787266e-10
50.6	2.655481133639519e-10
50.8	2.6017949572935777e-10
51.	2.5491685140406254e-10
51.2	2.4978178774916313e-10
51.4	2.447618846234378e-10
51.6	2.398958369658549e-10
51.8	2.350603903734199e-10
52.	2.3035939351259403e-10
52.2	2.2578708361060586e-10
52.4	2.2130586310568448e-10
52.6	2.170976321636315e-10
52.8	2.1261019500322623e-10
53.	2.0845131869054104e-10
53.2	2.0435488373694276e-10
53.4	2.003497568805094e-10
53.6	1.964311620252616e-10
53.8	1.926071542822139e-10
54.	1.8885218450938862e-10
54.2	1.8518791416820602e-10
54.4	1.8159714466540557e-10
54.6	1.7809318191941631e-10
54.8	1.7466664695849814e-10
55.	1.7130463546416101e-10
55.2	1.680233003781019e-10
55.4	1.6482501722848037e-10
55.6	1.6166220065938795e-10
55.8	1.5868531265578817e-10
56.	1.5557367467540155e-10
56.2	1.5258374837340416e-10
56.4	1.4975254518918904e-10
56.6	1.4692106226255891e-10
56.8	1.4415829802534663e-10
57.	1.4145562649960576e-10
57.2	1.3843945495927158e-10
57.4	1.362197822833126e-10
57.6	1.3368825641456574e-10
57.8	1.3119741312576562e-10
58.	1.2876894303260516e-10
58.2	1.263832784449083e-10
58.4	1.2404681734781525e-10
58.6	1.1526673961953524e-10
58.8	1.1874814311232533e-10
59.	1.1734609313907302e-10
59.2	1.1520095421376734e-10
59.4	1.1258540107633548e-10
59.6	1.1101608772821458e-10
59.8	1.0862935360719636e-10
60.	1.1263422216164425e-10
60.2	1.0075367008501734e-10
60.4	1.0323279399048393e-10
60.6	1.013764918226031e-10
60.8	9.955914788869912e-11
61.	9.777813533062944e-11
61.2	9.603412984723469e-11
61.4	9.432509026557321e-11
61.6	9.264713589093088e-11
61.8	9.100745960996268e-11
62.	8.939849204895429e-11
62.2	8.782149839462343e-11
62.4	8.627511797776846e-11
62.6	8.487062092873558e-11
62.8	8.32757850326834e-11
63.	8.182173358629544e-11
63.2	7.025827695715674e-11
63.4	7.899753991226004e-11
63.6	7.763041052740941e-11
63.8	7.627951554283003e-11
64.	7.499327611581849e-11
64.2	7.250864369577689e-11
64.4	7.240129968240308e-11
64.6	7.054222939449863e-11
64.8	6.482559317240823e-11
65.	6.874585067227935e-11
65.2	7.499955132424733e-11
65.4	6.642923443505542e-11
65.6	6.529775004558672e-11
65.8	6.475522877797225e-11
66.	6.450371479722152e-11
66.2	6.204229240818922e-11
66.4	6.099022941161061e-11
66.6	5.998415525235348e-11
66.8	5.895937381744801e-11
67.	5.800090461416417e-11
67.2	5.701800110441416e-11
67.4	5.6069113768126914e-11
67.6	5.51257802509465e-11
67.8	5.42252816551252e-11
68.	4.7615626855066494e-11
68.2	5.24494948993662e-11
68.4	5.154402799967989e-11
68.6	5.0739149591420545e-11
68.8	4.990717721554802e-11
69.	4.909171672736186e-11
69.2	4.828685273216717e-11
69.4	4.750382609364102e-11
69.6	5.4677030963306576e-11
69.8	4.93630354452803e-11
70.	4.571971879993107e-11
70.2	4.7262077932801783e-11
70.4	4.3347980171400445e-11
70.6	4.545099764715399e-11
70.8	4.561390118984383e-11
71.	4.170988318323743e-11
71.2	4.1043146222412324e-11
71.4	4.038995058647196e-11
71.6	4.4672634434174044e-11
71.8	3.9115768960298093e-11
72.	3.8496457696106063e-11
72.2	3.788695200379139e-11
72.4	3.6352978655391565e-11
72.6	3.670199119038908e-11
72.8	3.476820234785173e-11
73.	3.5556055287018155e-11
73.2	3.500235838946005e-11
73.4	3.4456595503849536e-11
73.6	2.6823521346894373e-11
73.8	3.01252819937808e-11
74.	3.287295726939225e-11
74.2	3.236425173969963e-11
74.4	3.186343352124009e-11
74.6	3.046273349654751e-11
74.8	3.088884427818394e-11
75.	3.041465044513617e-11
75.2	2.994774373538443e-11
75.4	2.9489482286100194e-11
75.6	2.9039471369583324e-11
75.8	2.8596771162536797e-11
76.	2.813647922679512e-11
76.2	2.5488578390506753e-11
76.4	2.73169578569735e-11
76.6	2.6900412005553132e-11
76.8	2.871586231502413e-11
77.	2.6191677213532178e-11
77.2	2.5715210407197658e-11
77.4	2.5317938945110678e-11
77.6	2.4938264849764184e-11
77.8	2.3409058878994216e-11
78.	1.4150747412785717e-11
78.2	2.243113730065085e-11
78.4	2.3484343705230566e-11
78.6	2.313594940607862e-11
78.8	2.3003501738201527e-11
79.	2.245902241904435e-11
79.2	2.2125991615538848e-11
79.4	2.1800333039992147e-11
79.6	2.147964520153406e-11
79.8	2.116469471227886e-11
80.	2.0854815010752022e-11