45.	0.31964378886017786
44.8	0.3197901718859555
44.6	0.3199383070963954
44.4	0.3200882229140949
44.2	0.32023994832453834
44.	0.3203935128949766
43.8	0.3205489468264787
43.6	0.32070628089449554
43.4	0.32086554657663013
43.2	0.32102677589220313
43.	0.32119000170766004
42.8	0.3213552574030156
42.6	0.32152257715086546
42.4	0.321691995743334
42.2	0.321863548913298
42.	0.32203727292098583
41.8	0.3222132048982066
41.6	0.3223913828647863
41.4	0.32257184551143303
41.2	0.3227546324215155
41.	0.3229397840271086
40.8	0.3231273416950209
40.6	0.32331734766533266
40.4	0.32350984503645625
40.2	0.3237048779615918
40.	0.3239024914867022
39.8	0.3241027317534678
39.6	0.32430564586037786
39.4	0.324511281997105
39.2	0.3247196893975242
39.	0.3249309184538133
38.8	0.3251450206691218
38.6	0.325362048775323
38.4	0.3255820566776958
38.2	0.3258050995347283
38.	0.32603123371090814
37.8	0.3262605169869872
37.6	0.326493008458212
37.4	0.3267287685585012
37.2	0.3269678592000483
37.	0.32721034372836383
36.8	0.3274562870145436
36.6	0.3277057554387311
36.4	0.3279588170495758
36.2	0.3282155414225239
36.	0.328475999911955
35.8	0.32874026557874164
35.6	0.3290084132524255
35.4	0.3292805195690124
35.2	0.3295566631426145
35.	0.3298369244614564
34.8	0.330121385985419
34.6	0.330410132368816
34.4	0.3307032502156158
34.2	0.331000828459896
34.	0.33130295824072314
33.8	0.33160973288388956
33.6	0.33192124834462694
33.4	0.3322376028693568
33.2	0.33255889736498884
33.	0.33288523518451946
32.8	0.3332167225572859
32.6	0.33355346835151783
32.4	0.3338955843795722
32.2	0.3342431854570422
32.	0.33459638930435737
31.8	0.3349553168943587
31.6	0.335320092476228
31.4	0.3356908435427271
31.2	0.3360677010319502
31.	0.3364507996167421
30.8	0.33684027759826257
30.6	0.33723627690357266
30.4	0.33763894357196966
30.2	0.3380484276998493
30.	0.33846488342569225
29.8	0.33888846941876277
29.6	0.3393193486384016
29.4	0.33975768880508267
29.2	0.3402036623311867
29.	0.34065744662353087
28.8	0.3411192241545776
28.6	0.34158918271338323
28.4	0.3420675155351739
28.2	0.34255442153415383
28.	0.3430501054343315
27.8	0.34355477803256695
27.6	0.3440686563998454
27.4	0.3445919640395796
27.2	0.3451249312951788
27.	0.34566779528948677
26.8	0.3462208004615279
26.6	0.3467841986674669
26.4	0.3473582494804634
26.2	0.34794322061342164
26.	0.3485393877692643
25.8	0.3491470355899218
25.6	0.3497664573448678
25.4	0.35039795580061234
25.2	0.3510418432434039
25.	0.3516984417238242
24.8	0.352368083842318
24.6	0.3530511128149241
24.4	0.3537478829069937
24.2	0.35445876004995086
24.	0.3551841220731455
23.8	0.35592435925750004
23.6	0.35667987475914986
23.4	0.35745108526775965
23.2	0.3582384212847041
23.	0.35904232786070966
22.8	0.35986326514413414
22.6	0.3607017088272891
22.4	0.361558150978268
22.2	0.36243310050451616
22.	0.3633270840368905
21.8	0.3642406463691037
21.6	0.3651743514544078
21.4	0.36612878285795014
21.2	0.3671045454658959
21.	0.36810226460135875
20.8	0.36912258872937487
20.6	0.3701661892643319
20.4	0.371233762103887
20.2	0.3723260283223976
20.	0.3734437349536907
19.8	0.37458765728713245
19.6	0.37575859801090183
19.4	0.3769573909864946
19.2	0.3781849001109185
19.	0.3794420221780128
18.8	0.3807296875445519
18.6	0.3820488606379966
18.4	0.38340054607373586
18.2	0.38478578105874545
18.	0.38620564954203723
17.8	0.38766127081281765
17.6	0.3891538113076793
17.4	0.3906844824713905
17.2	0.39225454123868675
17.	0.39386529568499157
16.8	0.39551810358443545
16.6	0.3972143779200364
16.4	0.3989555871747459
16.2	0.40074325587844895
16.	0.4025789720341829
15.8	0.4044643856499298
15.6	0.4064012126609844
15.4	0.40839123714134307
15.2	0.4104363152862709
15.	0.4125383763024433
14.8	0.4146994266800708
14.6	0.4169215536547154
14.4	0.4192069257050111
14.2	0.4215577984275067
14.	0.4239765158227533
13.8	0.4264655126899218
13.6	0.4290273187453056
13.4	0.4316645603287408
13.2	0.4343799631869462
13.	0.43717635413171957
12.8	0.440056663703989
12.6	0.4430239261064132
12.4	0.44608127981525647
12.2	0.4492319680528927
12.	0.45247933763489573
11.8	0.45582683516803746
11.6	0.4592780027716898
11.4	0.46283647305031367
11.2	0.466505959306233
11.	0.4702902439944862
10.8	0.4741931634168385
10.6	0.4782185878123964
10.4	0.4823703962636689
10.2	0.4866524450845148
10.	0.4910685295852133
45.	0.31964378886017786
45.2	0.31949913022462956
45.4	0.31935616866103694
45.6	0.31921487733729687
45.8	0.31907523013882616
46.	0.31893720131013376
46.2	0.3188007656109914
46.4	0.31866589832657644
46.6	0.3185325752256577
46.8	0.31840077250930693
47.	0.3182704668493454
47.2	0.31814163538000384
47.4	0.31801425564332425
47.6	0.31788830562179426
47.8	0.31776376369973675
48.	0.3176406087086562
48.2	0.3175188198427908
48.4	0.31739837668495213
48.6	0.3172792592160915
48.8	0.3171614477720737
49.	0.3170449230579367
49.2	0.3169296661391653
49.4	0.31681565841841963
49.6	0.31670288163695126
49.8	0.31659131791298245
50.	0.3164809496140251
50.2	0.31637175948796437
50.4	0.3162637305513395
50.6	0.31615684616586354
50.8	0.31605108996247067
51.	0.3159464458763262
51.2	0.3158428981291125
51.4	0.3157404312051365
51.6	0.31563902988501213
51.8	0.3155386791967822
52.	0.3154393644698073
52.2	0.3153410712266625
52.4	0.3152437853039472
52.6	0.31514749274279497
52.8	0.3150521798368426
53.	0.3149578331251207
53.2	0.31486443938493736
53.4	0.3147719855942397
53.6	0.31468045895127644
53.8	0.314589846914234
54.	0.31450013711296276
54.2	0.3144113173991045
54.4	0.3143233758346266
54.6	0.3142363006690861
54.8	0.31415008035588876
55.	0.3140647035525239
55.2	0.3139801590759936
55.4	0.3138964359663406
55.6	0.3138135234059026
55.8	0.3137314107687863
56.	0.3136500876388418
56.2	0.3135695437007136
56.4	0.3134897688641398
56.6	0.3134107531945224
56.8	0.3133324868630939
57.	0.3132549603019419
57.2	0.31317816400334925
57.4	0.3131020886553989
57.6	0.31302672508681295
57.8	0.3129520642723653
58.	0.3128780973282412
58.2	0.3128048155075708
58.4	0.3127322102239929
58.6	0.3126602730157704
58.8	0.3125889955013104
59.	0.312518369513358
59.2	0.3124483869573914
59.4	0.3123790399921185
59.6	0.31231032053744007
59.8	0.31224222108530225
60.	0.3121747340467138
60.2	0.3121078518649188
60.4	0.3120415671811144
60.6	0.3119758728361381
60.8	0.31191076161779013
61.	0.31184622652829214
61.2	0.311782260625784
61.4	0.3117188572331296
61.6	0.3116560093370496
61.8	0.3115937104812467
62.	0.31153195422039637
62.2	0.3114707340831882
62.4	0.3114100437388258
62.6	0.31134987708239464
62.8	0.3112902276073356
63.	0.3112310896633296
63.2	0.3111724571212461
63.4	0.3111143241778834
63.6	0.31105668481204923
63.8	0.3109995336160619
64.	0.3109428648623777
64.2	0.3108866730225522
64.4	0.31083095258472243
64.6	0.31077569825023377
64.8	0.3107209046457649
65.	0.31066656656335606
65.2	0.31061267895760747
65.4	0.3105592364522685
65.6	0.3105062343376564
65.8	0.3104536676281816
66.	0.3104015312867278
66.2	0.310349820694475
66.4	0.3102985310737174
66.6	0.3102476577265646
66.8	0.31019719611246027
67.	0.310147141473506
67.2	0.31009748961580796
67.4	0.3100482360152575
67.6	0.3099993763690884
67.8	0.30995090628086946
68.	0.3099028215943086
68.2	0.30985511806409816
68.4	0.30980779171863526
68.6	0.30976083830935086
68.8	0.30971425391223945
69.	0.3096680346830601
69.2	0.3096221765323591
69.4	0.30957667571019665
69.6	0.30953152840889425
69.8	0.3094867308277658
70.	0.30944227941999186
70.2	0.3093981703956002
70.4	0.30935440017110855
70.6	0.30931096531643676
70.8	0.3092678621641474
71.	0.3092250873060379
71.2	0.3091826374233372
71.4	0.30914050897547973
71.6	0.30909869884807
71.8	0.3090572036035292
72.	0.30901602002301665
72.2	0.308975144966272
72.4	0.3089345752567884
72.6	0.30889430777727345
72.8	0.30885433946623103
73.	0.3088146672704532
73.2	0.30877528820743977
73.4	0.308736199202423
73.6	0.30869739757668646
73.8	0.30865888026018834
74.	0.3086206443296769
74.2	0.30858268722430365
74.4	0.30854500600303575
74.6	0.30850759798065447
74.8	0.30847046040919146
75.	0.3084335906773661
75.2	0.3083969860549589
75.4	0.3083606439904897
75.6	0.3083245619644764
75.8	0.308288737321934
76.	0.30825316760161303
76.2	0.30821785034775856
76.4	0.30818278306302865
76.6	0.30814796335191974
76.8	0.30811338880331257
77.	0.308079057160713
77.2	0.3080449658629409
77.4	0.3080111128104815
77.6	0.3079774956611494
77.8	0.30794411216723605
78.	0.30791096011118924
78.2	0.3078780372524331
78.4	0.30784534146135945
78.6	0.3078128706322825
78.8	0.30778062256659633
79.	0.3077485952310434
79.2	0.30771678653220463
79.4	0.30768519439953473
79.6	0.3076538168710049
79.8	0.3076226519065485
80.	0.3075916975560328