30.	0.1802971284867531
29.8	0.18105373624137444
29.6	0.1818210893543887
29.4	0.1825993927516674
29.2	0.18338885493231769
29.	0.1841896918061072
28.8	0.18500212255148932
28.6	0.18582637236217112
28.4	0.18666267245340337
28.2	0.18751125835964763
28.	0.18837237259126288
27.8	0.18924626457479746
27.6	0.19013318710290197
27.4	0.19103340275668462
27.2	0.19194717902178918
27.	0.19287478896327642
26.8	0.19381651537071418
26.6	0.1947726467155611
26.4	0.1957434793540356
26.2	0.19672931648605152
26.	0.19773047013359257
25.8	0.1987472604403064
25.6	0.1997800168295293
25.4	0.20082907468563466
25.2	0.20189478132646946
25.	0.2029774921741582
24.8	0.20407757148984074
24.6	0.20519539556565183
24.4	0.20633134801628583
24.2	0.20748582515383748
24.	0.20865923340249504
23.8	0.20985198970809493
23.6	0.21106452456718997
23.4	0.21229727820183822
23.2	0.21355070548328517
23.	0.21482526969621277
22.8	0.21612145501210833
22.6	0.2174397502432297
22.4	0.21878066398689086
22.2	0.22014471803370397
22.	0.22153244831911306
21.8	0.22294440706834265
21.6	0.2243811620757273
21.4	0.22584329857435903
21.2	0.22733141685331087
21.	0.2288461359768485
20.8	0.23038809447366582
20.6	0.23195794637325826
20.4	0.23355636799366436
20.2	0.23518405355824004
20.	0.2368417188871092
19.8	0.23853010126553087
19.6	0.24024995911221442
19.4	0.24200207334128163
19.2	0.2437872483116025
19.	0.24560631260105098
18.8	0.24746011839344687
18.6	0.24934954447620253
18.4	0.25127549411168737
18.2	0.2532388982752277
18.	0.2552407145996741
17.8	0.2572819294113432
17.6	0.2593635567372146
17.4	0.26148664149770584
17.2	0.2636522558828943
17.	0.265861505918961
16.8	0.2681155252827939
16.6	0.27041548118340697
16.4	0.27276257176062957
16.2	0.27515802737919975
16.	0.27760311049024855
15.8	0.280099115951484
15.6	0.2826473706451427
15.4	0.2852492332690397
15.2	0.2879060939886766
15.	0.2906193735327217
14.8	0.29339052201599697
14.6	0.2962210180923869
14.4	0.29911236744575853
14.2	0.30206609927013456
14.	0.3050837661572045
13.8	0.3081669392190041
13.6	0.311317205752664
13.4	0.3145361640257047
13.2	0.3178254205867573
13.	0.32118658213439194
12.8	0.32462125287279303
12.6	0.32813102520424087
12.4	0.3317174736679173
12.2	0.3353821466808123
12.	0.3391265581650614
11.8	0.34295217924113525
11.6	0.3468604280963079
11.4	0.35085266106961405
11.2	0.3549301643386779
11.	0.3590941451671262
10.8	0.3633457242357275
10.6	0.36768593084544965
10.4	0.3721156981978393
10.2	0.37663586200748833
10.	0.38124716136031134
30.	0.1802971284867531
30.2	0.17955106624108177
30.4	0.1788153546201143
30.6	0.1780898027839273
30.8	0.1773742247815367
31.	0.17666843828172046
31.2	0.17597226587061693
31.4	0.17528553365679267
31.6	0.17460807209062645
31.8	0.17393971468140643
32.	0.17328030012225165
32.2	0.17262966876097677
32.4	0.1719876660296515
32.6	0.1713541398283851
32.8	0.1707289430367262
33.	0.17011192936568514
33.2	0.1695029572414092
33.4	0.16890188795095484
33.6	0.1683085856183736
33.8	0.16772291716600282
34.	0.1671447531006109
34.2	0.16657396522882212
34.4	0.1660104302425741
34.6	0.16545402507445353
34.8	0.16490463046518333
35.	0.16436213048947715
35.2	0.1638264097599046
35.4	0.1632973562632821
35.6	0.16277486061857427
35.8	0.1622588148815705
36.	0.1617491144368059
36.2	0.16124565591321938
36.4	0.16074833793418716
36.6	0.16025706168059334
36.8	0.1597717302230753
37.	0.15929224808494868
37.2	0.15881852309476713
37.4	0.1583504627260252
37.6	0.1578879783956753
37.8	0.15743098199851616
38.	0.1569793878279051
38.2	0.15653311078024595
38.4	0.15609206912903076
38.6	0.15565618135383066
38.8	0.15522536752408725
39.	0.15479955022548939
39.2	0.15437865318875557
39.4	0.1539626006741314
39.6	0.15355131939998412
39.8	0.15314473695225345
40.	0.15274278292394722
40.2	0.1523453877897667
40.4	0.15195248280443827
40.6	0.1515640012894623
40.8	0.1511798776648931
41.	0.15080004773866051
41.2	0.15042444750204936
41.4	0.15005301497654389
41.6	0.14968568973761687
41.8	0.1493224110534198
42.	0.14896312109942203
42.2	0.14860776107586293
42.4	0.14825627536391056
42.6	0.1479086075064407
42.8	0.1475647030147833
43.	0.1472245079489868
43.2	0.14688797013046861
43.4	0.1465550374789115
43.6	0.14622565911971644
43.8	0.1458997845474689
44.	0.145577365220687
44.2	0.14525835272200527
44.4	0.1449426994757321
44.6	0.14463035912956865
44.8	0.1443212852626396
45.	0.14401543357355898
45.2	0.14371275933697925
45.4	0.143413219058933
45.6	0.14311676994059647
45.8	0.14282337016684127
46.	0.14253297834160852
46.2	0.1422455540121641
46.4	0.1419610565724678
46.6	0.1416794474740498
46.8	0.14140068750720297
47.	0.14112473909943704
47.2	0.14085156470069501
47.4	0.14058112754050803
47.6	0.1403133917933758
47.8	0.14004832121706454
48.	0.1397858813372677
48.2	0.1395260379374451
48.4	0.13926875648339787
48.6	0.13901400448703483
48.8	0.13876174845555722
49.	0.13851195661331694
49.2	0.13826459715188127
49.4	0.13801963895681288
49.6	0.13777705085373054
49.8	0.13753680308977514
50.	0.13729886574864258
50.2	0.1370632095941413
50.4	0.1368298057721795
50.6	0.1365986258619478
50.8	0.13636964195564621
51.	0.13614282669616717
51.2	0.13591815270716534
51.4	0.1356955938142707
51.6	0.13547512316625454
51.8	0.13525671530357575
52.	0.135040344978789
52.2	0.13482598654903183
52.4	0.13461361586445414
52.6	0.1344032084728809
52.8	0.1341947403963003
53.	0.13398818807037857
53.2	0.13378352836483604
53.4	0.13358073845830057
53.6	0.13337979557632715
53.8	0.13318067761900626
54.	0.1329833630481418
54.2	0.1327878297628427
54.4	0.13259405717845313
54.6	0.13240202381344024
54.8	0.13221170947937325
55.	0.13202309381118998
55.2	0.13183615670619783
55.4	0.1316508782888754
55.6	0.13146723964633333
55.8	0.13128522108939275
56.	0.1311048041660295
56.2	0.13092597005909587
56.4	0.13074870056523696
56.6	0.1305729775991135
56.8	0.13039878344556238
57.	0.13022610024253528
57.2	0.13005491103005956
57.4	0.12988519859368045
57.6	0.12971694608536122
57.8	0.12955013692446746
58.	0.1293847549591164
58.2	0.12922078395834918
58.4	0.129058207827401
58.6	0.12889701121182537
58.8	0.1287371786657358
59.	0.12857869474932776
59.2	0.12842154433900926
59.4	0.12826571293749472
59.6	0.12811118591972262
59.8	0.12795794843233094
60.	0.12780598676543165