30.	0.28282458647075986
29.8	0.2835936469801503
29.6	0.28437468135132776
29.4	0.2851679450305539
29.2	0.28597369901950453
29.	0.2867922144127834
28.8	0.28762376696231745
28.6	0.28846864127946453
28.4	0.28932712902217
28.2	0.2901995309612411
28.	0.29108615536868654
27.8	0.2919873193451621
27.6	0.292903348095201
27.4	0.2938345780602144
27.2	0.29478135347520634
27.	0.2957440287989371
26.8	0.2967229695879713
26.6	0.297718551079312
26.4	0.29873115626319985
26.2	0.2997611878163778
26.	0.30080905107761324
25.8	0.3018751694054499
25.6	0.30295997631458743
25.4	0.3040639183882072
25.2	0.3051874561674961
25.	0.3063310637272119
24.8	0.30749522996848355
24.6	0.3086804584556853
24.4	0.3098872685196306
24.2	0.3111161956020111
24.	0.312367791730564
23.8	0.3136426264165179
23.6	0.3149412871720164
23.4	0.31626438007253865
23.2	0.3176125309364692
23.	0.3189863854065689
22.8	0.32038661025616744
22.6	0.32181389405127814
22.4	0.32326894794197436
22.2	0.324752506651396
22.	0.3262653293513799
21.8	0.3278082006731947
21.6	0.329381931857781
21.4	0.3309873615385409
21.2	0.3326253571131202
21.	0.33429681594221633
20.8	0.3360026665388125
20.6	0.3377438696619962
20.4	0.33952142006174746
20.2	0.34133634770113785
20.	0.3431897192616095
19.8	0.3450826394828369
19.6	0.34701625361367827
19.4	0.34899174835624197
19.2	0.35101035367917544
19.	0.35307334563166276
18.8	0.355182047259361
18.6	0.3573378315142983
18.4	0.3595421232002006
18.2	0.36179640122615236
18.	0.36410220140272825
17.8	0.36646111840516976
17.6	0.36887480977054954
17.4	0.3713449973440628
17.2	0.3738734713375132
17.	0.37646209265223185
16.8	0.3791127977006687
16.6	0.3818276003706253
16.4	0.3846085966054678
16.2	0.3874579687729311
16.	0.39037798850199484
15.8	0.3933710227254086
15.6	0.39643953701668466
15.4	0.3995861014522974
15.2	0.4028133950029347
15.	0.406124211577843
14.8	0.40952146546598805
14.6	0.4130081974965087
14.4	0.4165875814705781
14.2	0.42026293061303177
14.	0.4240377055161594
13.8	0.4279155200773049
13.6	0.43190015045240393
13.4	0.4359955438895795
13.2	0.44020582472610353
13.	0.44453530624902265
12.8	0.44898849948626524
12.6	0.45357012084489906
12.4	0.45828510596333927
12.2	0.4631386168170423
12.	0.4681360545162774
11.8	0.473283069421458
11.6	0.4785855751415747
11.4	0.4840497552749745
11.2	0.4896820797678649
11.	0.49548931318266765
10.8	0.5014785265653969
10.6	0.5076571085061833
10.4	0.5140327724673375
10.2	0.520613566349362
10.	0.5274078770561177
10.	0.5274078771942032
9.8	0.5344244337197934
9.6	0.5416723060204688
9.4	0.549160897600175
9.2	0.5568999329385723
9.	0.5648994348014149
8.8	0.5731696889310536
8.6	0.5817211943687456
8.4	0.5905645917225529
8.2	0.5997105656965033
8.	0.6091697102027819
7.8	0.6189523485496137
7.6	0.6290682920826879
7.4	0.639526518341991
7.2	0.6503347452499922
7.	0.6614988758055578
6.8	0.673022266184358
6.6	0.6849048026388012
6.4	0.6971417383471966
6.2	0.7097223029377248
6.	0.7226281402637772
5.8	0.7358317444162021
5.6	0.7492952331422106
5.4	0.7629699586179443
5.2	0.7767975101860464
5.	0.7907123735368082
4.8	0.8046457474419604
4.6	0.818529003878424
4.4	0.8322946196303693
4.2	0.8458727533444091
4.	0.8591827076347102
30.	0.28282458647075986
30.2	0.2820672508185151
30.4	0.2813213982425661
30.6	0.28058679097241257
30.8	0.279863200865741
31.	0.27915040296846566
31.2	0.2784481793889263
31.4	0.27775631643979065
31.6	0.27707460660975314
31.8	0.2764028475165054
32.	0.2757408424513658
32.2	0.2750883985797962
32.4	0.2744453281081987
32.6	0.27381144801494384
32.8	0.2731865798065556
33.	0.27257054918998136
33.2	0.27196318541336584
33.4	0.2713643233420901
33.6	0.2707738003079455
33.8	0.2701914585486016
34.	0.26961714352043376
34.2	0.26905070448644797
34.4	0.26849199409172425
34.6	0.26794086896057756
34.8	0.2673971880840342
35.	0.266860814567303
35.2	0.26633161441884146
35.4	0.2658094569335478
35.6	0.2652942135853684
35.8	0.2647857599193096
36.	0.2642839730322144
36.2	0.2637887341188824
36.4	0.26329992625033183
36.6	0.26281743502768834
36.8	0.2623411490657726
37.	0.26187095924285486
37.2	0.26140675862020285
37.4	0.2609484428561839
37.6	0.2604959098771274
37.8	0.26004905973458864
38.	0.2596077947657866
38.2	0.259172019458112
38.4	0.25874163976258446
38.6	0.25831656465730984
38.8	0.2578967042121332
39.	0.2574819707643172
39.2	0.25707227832001706
39.4	0.2566675430783532
39.6	0.25626768261202765
39.8	0.2558726163636385
40.	0.2554822654292536
40.2	0.25509655226955885
40.4	0.2547154015917217
40.6	0.25433873889835856
40.8	0.25396649189058607
41.	0.2535985891730384
41.2	0.25323496109835203
41.4	0.25287553940392066
41.6	0.2525202571157393
41.8	0.25216904864701906
42.	0.2518218496920817
42.2	0.25147859731325733
42.4	0.25113922982114484
42.6	0.25080368645126266
42.8	0.25047190788052515
43.	0.25014383604212626
43.2	0.2498194138097663
43.4	0.24949858528355487
43.6	0.24918129540902956
43.8	0.24886749048080545
44.	0.2485571176808942
44.2	0.24825012523986076
44.4	0.24794646229349412
44.6	0.24764607891125698
44.8	0.24734892688012308
45.	0.24705495702402858
45.2	0.24676412309901868
45.4	0.2464763788955075
45.6	0.24619167873374279
45.8	0.24590997823886965
46.	0.24563123358518682
46.2	0.24535540239271694
46.4	0.24508244197015716
46.6	0.24481231102549864
46.8	0.24454496955010782
47.	0.24428037706829353
47.2	0.24401849457643776
47.4	0.24375928404881125
47.6	0.2435027071996869
47.8	0.24324872735149447
48.	0.2429973081074242
48.2	0.24274841347021914
48.4	0.24250200835286367
48.6	0.24225805831441513
48.8	0.24201652931575116
49.	0.24177738839511612
49.2	0.24154060246402514
49.4	0.24130613946847504
49.6	0.24107396785118365
49.8	0.24084405613464197
50.	0.2406163746366204