30.	0.21634595506721618
29.8	0.21735107381383673
29.6	0.2183703839879511
29.4	0.21940416316165043
29.2	0.22045269597597333
29.	0.2215162743363432
28.8	0.22259519764013427
28.6	0.22368977298453116
28.4	0.22480031544561066
28.2	0.22592714815169004
28.	0.22707060309716448
27.8	0.22823102065794218
27.6	0.2294087504927827
27.4	0.2306041514853419
27.2	0.2318175922315428
27.	0.23304945131651691
26.8	0.23430011768261047
26.6	0.23556999078774554
26.4	0.23685948131685253
26.2	0.23816901113465247
26.	0.2394990141768106
25.8	0.240849936432994
25.6	0.2422222365187221
25.4	0.24361638616718292
25.2	0.24503287066649618
25.	0.24647218939448481
24.8	0.24793485607259044
24.6	0.2494213996523192
24.4	0.25093236468996893
24.2	0.25246831188237834
24.	0.2540298186749801
23.8	0.25561747990281214
23.6	0.2572319085141236
23.4	0.25887373618355614
23.2	0.2605436139467919
23.	0.26224221315318175
22.8	0.26397022582670626
22.6	0.26572836612956424
22.4	0.26751737068420434
22.2	0.2693379994568669
22.	0.2711910370999429
21.8	0.2730772937550502
21.6	0.27499760547154734
21.4	0.27695283628097694
21.2	0.2789438789162177
21.	0.280971655320181
20.8	0.2830371187939367
20.6	0.28514125529943224
20.4	0.28728508396141517
20.2	0.2894696591460736
20.	0.291696071626558
19.8	0.29396545077663716
19.6	0.2962789653745877
19.4	0.29863782590862126
19.2	0.30104328580603773
19.	0.303496644385051
18.8	0.3059992476448443
18.6	0.3085524912111647
18.4	0.3111578222957097
18.2	0.3138167422506445
18.	0.3165308082679052
17.8	0.31930163703796755
17.6	0.3221309069088269
17.4	0.3250203602404872
17.2	0.3279718081007754
17.	0.3309871316361906
16.8	0.3340682861230161
16.6	0.3372173050447194
16.4	0.3404363033349478
16.2	0.34372748149201215
16.	0.34709312898884787
15.8	0.3505356304291639
15.6	0.354057468097397
15.4	0.35766122888100804
15.2	0.36134960721909803
15.	0.3651254132995177
14.8	0.3689915759498854
14.6	0.37295115088094677
14.4	0.3770073257865862
14.2	0.38116342762213984
14.	0.3854229304615881
13.8	0.3897894604363634
13.6	0.39426680723541613
13.4	0.39885892865538775
13.2	0.40356996192190864
13.	0.40840423204449733
12.8	0.41336626019485745
12.6	0.4184607753110599
12.4	0.4236927228823679
12.2	0.42906727682156065
12.	0.4345898503530309
11.8	0.4402661049873104
11.6	0.44610196590090356
11.4	0.4521036314118647
11.2	0.4582775843294277
11.	0.4646306067171599
10.8	0.4711697851929157
10.6	0.47790252805024996
10.4	0.48483657208746705
10.2	0.4919799903729766
10.	0.49934119913106206
10.	0.4993411994705281
9.8	0.5069289636417194
9.6	0.514752393928539
9.4	0.522820943761627
9.2	0.5311443960338341
9.	0.5397328448304582
8.8	0.548596661471043
8.6	0.5577464491862806
8.4	0.5671929757858228
8.2	0.5769470809259019
8.	0.5870195504635717
7.8	0.5974209427581105
7.6	0.6081613599930393
7.4	0.6192501377967746
7.2	0.6306954340998774
7.	0.6425036854305615
6.8	0.6546788895067313
6.6	0.6672216782419085
6.4	0.6801281227142318
6.2	0.6933882739283387
6.	0.7069844367482114
5.8	0.7208893243228129
5.6	0.7350643918118294
5.4	0.7494588908443007
5.2	0.764010340756607
5.	0.7786469897754409
4.8	0.7932921031927134
4.6	0.807868671142471
4.4	0.8223020270980975
4.2	0.8365178171008135
4.	0.8504340380699286
30.	0.21634595506721618
30.2	0.21535475688356873
30.4	0.21437721512192534
30.6	0.21341307198904913
30.8	0.2124620759401432
31.	0.21152398148146517
31.2	0.21059854892890206
31.4	0.20968554434634973
31.6	0.20878473931867358
31.8	0.20789591070160476
32.	0.2070188407020327
32.2	0.20615331654497762
32.4	0.2052991302521497
32.6	0.2044560787471329
32.8	0.2036239636524215
33.	0.20280259107159526
33.2	0.20199177124801995
33.4	0.20119131894017617
33.6	0.20040105314548967
33.8	0.19962079648356112
34.	0.19885037622655422
34.2	0.19808962268253769
34.4	0.19733837018674655
34.6	0.19659645673383702
34.8	0.19586372395564974
35.	0.19514001659705138
35.2	0.19442518300406147
35.4	0.19371907470127323
35.6	0.1930215462565955
35.8	0.1923324554931412
36.	0.19165166311952528
36.2	0.19097903267322755
36.4	0.19031443100518775
36.6	0.18965772707910722
36.8	0.18900879300867895
37.	0.1883675034067897
37.2	0.1877337354858435
37.4	0.18710736896159363
37.6	0.18648828596154546
37.8	0.1858763710571204
38.	0.185271511064148
38.2	0.1846735951516066
38.4	0.18408251462949402
38.6	0.18349816296088187
38.8	0.18292043580269926
39.	0.1823492308567705
39.2	0.1817844476772541
39.4	0.18122598796766728
39.6	0.18067375516578235
39.8	0.18012765475856476
40.	0.17958759383447423
40.2	0.17905348164792273
40.4	0.17852522874952445
40.6	0.1780027475481794
40.8	0.1774859521528822
41.	0.17697475840194193
41.2	0.1764690834618372
41.4	0.17596884617774447
41.6	0.17547396698012893
41.8	0.17498436761309383
42.	0.17449997133984432
42.2	0.1740207029672287
42.4	0.17354648843552917
42.6	0.17307725509949756
42.8	0.17261293215038853
43.	0.1721534487475931
43.2	0.17169873692103937
43.4	0.17124872903282762
43.6	0.17080335858793852
43.8	0.17036256064624838
44.	0.16992627125022128
44.2	0.16949442757801964
44.4	0.16906696790188844
44.6	0.16864383158561047
44.8	0.168224959113959
45.	0.16781029216144291
45.2	0.16739977259593114
45.4	0.16699334456966702
45.6	0.16659095227217738
45.8	0.16619254093420754
46.	0.16579805717449106
46.2	0.16540744812533778
46.4	0.16502066203345372
46.6	0.16463764777453285
46.8	0.16425835533964273
47.	0.16388273539985085
47.2	0.1635107394718648
47.4	0.16314231997995413
47.6	0.16277743007033413
47.8	0.16241602360682714
48.	0.16205805531408587
48.2	0.16170348053940148
48.4	0.16135225547017457
48.6	0.16100433702732397
48.8	0.16065968288534213
49.	0.16031825087318377
49.2	0.15998000025194725
49.4	0.15964489075962432
49.6	0.15931288216702696
49.8	0.15898393569780647
50.	0.15865801269616525