45.	2.6485676262933926e-9
44.8	2.715613740495823e-9
44.6	2.7896641443085674e-9
44.4	2.85527146122237e-9
44.2	2.9280775189201374e-9
44.	3.002979779409605e-9
43.8	3.0799656188730917e-9
43.6	3.159185248471984e-9
43.4	3.2405722747323583e-9
43.2	3.324399885622864e-9
43.	3.4106517607752866e-9
42.8	3.499042710126447e-9
42.6	3.5905347268018263e-9
42.4	3.6847868395078565e-9
42.2	3.782407870009857e-9
42.	3.849741861777706e-9
41.8	3.982715433890925e-9
41.6	4.087993557874043e-9
41.4	4.196317220422821e-9
41.2	4.307936818838422e-9
41.	4.422846172259095e-9
40.8	4.541211653890785e-9
40.6	4.662622192290603e-9
40.4	4.788004936663958e-9
40.2	4.91711129104306e-9
40.	5.049953851927669e-9
39.8	5.186793336390786e-9
39.6	5.327556701960496e-9
39.4	5.472941693917786e-9
39.2	5.622361881714595e-9
39.	5.776357662656566e-9
38.8	5.935076943435965e-9
38.6	6.0985159057672845e-9
38.4	6.2670705171902476e-9
38.2	6.440367123413248e-9
38.	6.6192283920899824e-9
37.8	6.8050424545432935e-9
37.6	6.993228855406966e-9
37.4	7.188795807656892e-9
37.2	7.390492568962902e-9
37.	7.598257827611677e-9
36.8	7.812458306051448e-9
36.6	8.03320453205184e-9
36.4	8.258179219160123e-9
36.2	8.495319166412262e-9
36.	8.737108116213453e-9
35.8	8.986538466525334e-9
35.6	9.243384687042718e-9
35.4	9.515443112407282e-9
35.2	9.78150103229259e-9
35.	1.006304179437757e-8
34.8	1.0353447925753703e-8
34.6	1.0652808951110529e-8
34.4	1.0964473872993078e-8
34.2	1.1279645976686894e-8
34.	1.1607717490744861e-8
33.8	1.1946096670729965e-8
33.6	1.229498474356605e-8
33.4	1.2654545456502734e-8
33.2	1.30257564500444e-8
33.	1.340679331530436e-8
32.8	1.3801852443231411e-8
32.6	1.4207333990395381e-8
32.4	1.4627095020735795e-8
32.2	1.5052806168398194e-8
32.	1.5503892083619135e-8
31.8	1.596211633826592e-8
31.6	1.643528188396702e-8
31.4	1.692301295534509e-8
31.2	1.7424235441313165e-8
31.	1.7941244751788744e-8
30.8	1.847352890106299e-8
30.6	1.9022122090377118e-8
30.4	1.958723600728951e-8
30.2	2.0168785065591182e-8
30.	2.0760985496742017e-8
29.8	2.1383041735291037e-8
29.6	2.2017165053125583e-8
29.4	2.267002674941707e-8
29.2	2.3355109179312267e-8
29.	2.4027895352132962e-8
28.8	2.4736184816419727e-8
28.6	2.5463197704666112e-8
28.4	2.620978078510884e-8
28.2	2.6975682180110688e-8
28.	2.7761594544149632e-8
27.8	2.8568277695921797e-8
27.6	2.9391992150447296e-8
27.4	3.0236495201747005e-8
27.2	3.1100724282766074e-8
27.	3.198300936086508e-8
26.8	3.2884389834911145e-8
26.6	3.380357524763904e-8
26.4	3.474064334897932e-8
26.2	3.569382091105682e-8
26.	3.666080001115617e-8
25.8	3.763916633654278e-8
25.6	3.8636586760868876e-8
25.4	3.9640936446825567e-8
25.2	4.065322900797093e-8
25.	4.1671180845291673e-8
24.8	4.269133753094202e-8
24.6	4.371040635085939e-8
24.4	4.472219513706116e-8
24.2	4.572826955229267e-8
24.	4.671335107096808e-8
23.8	4.768395157658984e-8
23.6	4.86254491364299e-8
23.4	4.952473468885583e-8
23.2	5.0381271450179294e-8
23.	5.1178829097820784e-8
22.8	5.1912697614032205e-8
22.6	5.255926136901177e-8
22.4	5.311204830665629e-8
22.2	5.3545910296296035e-8
22.	5.3844605304517615e-8
21.8	5.398702901997439e-8
21.6	5.394411176732567e-8
21.4	5.3686975508843e-8
21.2	5.318322850253771e-8
21.	5.2410527774173e-8
20.8	5.1275819395327085e-8
20.6	4.977960582242186e-8
20.4	4.784869684177105e-8
20.2	4.541998353185746e-8
20.	4.2410454975092933e-8
19.8	3.8765862897508746e-8
19.6	3.436176049881245e-8
19.4	2.9100703300543696e-8
19.2	2.2851729156450087e-8
19.	1.5490826567368966e-8
18.8	6.83752891832898e-9
18.6	-3.2881014306611744e-9
18.4	-1.509616440835032e-8
18.2	-2.8842937111112467e-8
18.	-4.4812820618784886e-8
17.8	-6.330750496162728e-8
17.6	-8.472237642867686e-8
17.4	-1.0949297378506348e-7
17.2	-1.3812680756033767e-7
17.	-1.711965237571206e-7
16.8	-2.093962545757549e-7
16.6	-2.535034165066334e-7
16.4	-3.044506608153624e-7
16.2	-3.6331264052209087e-7
16.	-4.313473740450808e-7
15.8	-5.10034495911363e-7
15.6	-6.01112720347174e-7
15.4	-7.066248199119328e-7
15.2	-8.289992352909462e-7
15.	-9.710980669039704e-7
14.8	-1.1363224030477173e-6
14.6	-1.3286670195500687e-6
14.4	-1.5529843817458197e-6
14.2	-1.8150293626722924e-6
14.	-2.1216962245574953e-6
13.8	-2.4812107700859844e-6
13.6	-2.9037133067720778e-6
13.4	-3.4011079600712384e-6
13.2	-3.988114149173729e-6
13.	-4.6826140194971905e-6
12.8	-5.50629588615137e-6
12.6	-6.48580589676949e-6
12.4	-7.653792205044824e-6
12.2	-9.05054159961202e-6
12.	-0.000010725898269839243
11.8	-0.00001274156566053835
11.6	-0.00001517443596398123
11.4	-0.000018120596954723167
11.2	-0.000021700445635328287
11.	-0.000026065414938971826
10.8	-0.00003140661853758786
10.6	-0.00003796616145816708
10.4	-0.00004605159973165632
10.2	-0.00005605487923823907
10.	-0.00006847725372059056
45.	2.6485676262933926e-9
45.2	2.5834357849789003e-9
45.4	2.52030435334961e-9
45.6	2.458411938273384e-9
45.8	2.3984392364526874e-9
46.	2.340023623127427e-9
46.2	2.28326164973175e-9
46.4	2.2279957806737833e-9
46.6	2.174169071736147e-9
46.8	2.1218639951855234e-9
47.	2.0708901868492855e-9
47.2	2.0213095376193745e-9
47.4	1.973033736387364e-9
47.6	1.9260000666256584e-9
47.8	1.874217841402392e-9
48.	1.8356933047282727e-9
48.2	1.7933367427810845e-9
48.4	1.7495985200693594e-9
48.6	1.7089433252695806e-9
48.8	1.6688495215837674e-9
49.	1.629820310673265e-9
49.2	1.5852948491512384e-9
49.4	1.5548024658498995e-9
49.6	1.531141464000666e-9
49.8	1.4835710911708836e-9
50.	1.4492796226341622e-9
50.2	1.4159522042196745e-9
50.4	1.3831872346549479e-9
50.6	1.351761164649216e-9
50.8	1.319995725287075e-9
51.	1.2907788898923033e-9
51.2	1.2614180340425688e-9
51.4	1.2328202741392238e-9
51.6	1.2049667410920688e-9
51.8	1.1778037062131328e-9
52.	1.1512925147011163e-9
52.2	1.1254582302652313e-9
52.4	1.0971106538962183e-9
52.6	1.0738046907120792e-9
52.8	1.0517486854207883e-9
53.	1.0283623611543042e-9
53.2	1.0055580351863338e-9
53.4	9.833569448704626e-10
53.6	9.616800377823758e-10
53.8	9.405236599773164e-10
54.	9.185200914645055e-10
54.2	9.006401301425136e-10
54.4	8.80115042286585e-10
54.6	8.663265640497486e-10
54.8	8.422465707226463e-10
55.	8.240146203682812e-10
55.2	8.088722239193949e-10
55.4	7.888144992748034e-10
55.6	7.718259528541848e-10
55.8	7.552525907594593e-10
56.	7.390951711188055e-10
56.2	7.233027886637874e-10
56.4	7.078993925514811e-10
56.6	6.928572178392332e-10
56.8	6.625621623920673e-10
57.	6.638158654713505e-10
57.2	6.498030329949228e-10
57.4	6.361303599649734e-10
57.6	6.227845755074413e-10
57.8	6.097567510073918e-10
58.	5.969896729852058e-10
58.2	5.845230596565582e-10
58.4	5.72350485294615e-10
58.6	5.604982045995405e-10
58.8	5.488888839419501e-10
59.	5.372843960179203e-10
59.2	5.264564213784354e-10
59.4	5.156232626547325e-10
59.6	5.050799185549246e-10
59.8	4.944416818959239e-10
60.	4.846241348237869e-10
60.2	4.747329834122529e-10
60.4	4.6507702112844824e-10
60.6	4.556471995837513e-10
60.8	4.479073376679783e-10
61.	4.365511768545965e-10
61.2	4.284988935989987e-10
61.4	4.199950369019429e-10
61.6	4.1065585322304533e-10
61.8	4.0330587812979517e-10
62.	3.952711891956004e-10
62.2	3.874156877631184e-10
62.4	3.7969767619372505e-10
62.6	3.744474510421961e-10
62.8	3.638716532738105e-10
63.	3.576067998020351e-10
63.2	3.505619856012284e-10
63.4	3.4365953757432573e-10
63.6	3.3693390746508205e-10
63.8	3.30327727259782e-10
64.	3.238697704847343e-10
64.2	3.175696923198657e-10
64.4	3.161759638854652e-10
64.6	3.05343520984599e-10
64.8	3.0963660863338893e-10
65.	2.9403994979723615e-10
65.2	2.8799163570385176e-10
65.4	2.8244897999751137e-10
65.6	2.770182952365395e-10
65.8	2.7251515535760774e-10
66.	2.6651771929715425e-10
66.2	2.614336963561903e-10
66.4	2.5645607646570645e-10
66.6	2.504760924357448e-10
66.8	2.475450432803643e-10
67.	2.421504729931455e-10
67.2	2.3756581011625236e-10
67.4	2.3262802331709103e-10
67.6	2.2865098465622992e-10
67.8	2.244296905193794e-10
68.	2.2022606207015566e-10
68.2	2.1611613871837703e-10
68.4	2.0990149075822318e-10
68.6	2.0816986317943452e-10
68.8	1.9474679399855801e-10
69.	2.0048530364294814e-10
69.2	1.9678653153514964e-10
69.4	1.931441684466895e-10
69.6	1.8958809317889093e-10
69.8	1.8919610261503108e-10
70.	1.826871536264251e-10
70.2	1.7934389090587517e-10
70.4	1.7606006419970153e-10
70.6	1.7216697851299124e-10
70.8	1.7033889172871367e-10
71.	1.666274030553898e-10
71.2	1.6360734049287477e-10
71.4	1.6064949417940448e-10
71.6	1.577497720279516e-10
71.8	1.549081104085162e-10
72.	1.5211707583581192e-10
72.2	1.4938700895905108e-10
72.4	1.4671033852610218e-10
72.6	1.4409045787537874e-10
72.8	1.4151918836607337e-10
73.	1.4190223989368896e-10
73.2	1.36525210604105e-10
73.4	1.3410149134745993e-10
73.6	1.3172590037988712e-10
73.8	1.2940693502672126e-10
74.	1.2711627678260997e-10
74.2	1.2487620188241297e-10
74.4	1.217118490761292e-10
74.6	1.176508123961759e-10
74.8	1.1841829426651472e-10
75.	1.1775944253842653e-10
75.2	1.1471912310565014e-10
75.4	1.123302020824509e-10
75.6	1.1214074718647502e-10
75.8	1.0844347275930417e-10
76.	1.0658593947444116e-10
76.2	1.0565047760387136e-10
76.4	1.0293684824739325e-10
76.6	1.011623331083595e-10
76.8	9.942403441079128e-11
77.	9.904098479942788e-11
77.2	9.604669455300108e-11
77.4	9.43984117706895e-11
77.6	9.279327228085899e-11
77.8	9.121360660959228e-11
78.	8.966281281918141e-11
78.2	9.115246545509547e-11
78.4	8.664777824377539e-11
78.6	8.518249792733606e-11
78.8	8.103454982028636e-11
79.	8.233379938569205e-11
79.2	8.094875501394174e-11
79.4	7.95892803029016e-11
79.6	7.8255808430427e-11
79.8	7.694623743798145e-11
80.	7.566179496862589e-11