30.	6.368922538388143e-7
29.8	6.508178804816756e-7
29.6	6.650800294182286e-7
29.4	6.79678479620786e-7
29.2	6.946394839539538e-7
29.	7.099548131968891e-7
28.8	7.256463132516152e-7
28.6	7.417157540448496e-7
28.4	7.581740133206229e-7
28.2	7.750335488909258e-7
28.	7.922990013222105e-7
27.8	8.099928492295258e-7
27.6	8.281171886865359e-7
27.4	8.466801047773035e-7
27.2	8.65699859489272e-7
27.	8.851706309545278e-7
26.8	9.051441835492734e-7
26.6	9.256012758154475e-7
26.4	9.46571821393495e-7
26.2	9.680501759643458e-7
26.	9.900476840036368e-7
25.8	1.012623189613745e-6
25.6	1.0357158836406383e-6
25.4	1.0594025585885695e-6
25.2	1.0836642673232244e-6
25.	1.1085747833770298e-6
24.8	1.13407010108022e-6
24.6	1.1602149475782722e-6
24.4	1.1869514870773546e-6
24.2	1.2143809380861941e-6
24.	1.2425232957772233e-6
23.8	1.2713364111219216e-6
23.6	1.3008825901479403e-6
23.4	1.3311814880830935e-6
23.2	1.3622013512604768e-6
23.	1.3940274577715025e-6
22.8	1.4266592426420546e-6
22.6	1.4600735198388663e-6
22.4	1.4942666509893713e-6
22.2	1.5293779387843283e-6
22.	1.5653245678165806e-6
21.8	1.6021759873240612e-6
21.6	1.6399428617669897e-6
21.4	1.6786255592279827e-6
21.2	1.718271969884072e-6
21.	1.7588900956005777e-6
20.8	1.800501473453359e-6
20.6	1.843253649331331e-6
20.4	1.8867882662355856e-6
20.2	1.931495485920875e-6
20.	1.977284734040268e-6
19.8	2.0241616243715706e-6
19.6	2.0721524144232283e-6
19.4	2.121260340175375e-6
19.2	2.1715092333795705e-6
19.	2.222920567449605e-6
18.8	2.2754958580255707e-6
18.6	2.3292691741494688e-6
18.4	2.3842063181362756e-6
18.2	2.440342064304007e-6
18.	2.4976698460601465e-6
17.8	2.556189552834647e-6
17.6	2.6158803273684552e-6
17.4	2.67673887500387e-6
17.2	2.7387331188795177e-6
17.	2.8018454086135724e-6
16.8	2.866021802283631e-6
16.6	2.931205473525804e-6
16.4	2.9972891838178064e-6
16.2	3.0642766635475943e-6
16.	3.132000823511289e-6
15.8	3.2003141217042913e-6
15.6	3.2690471486342573e-6
15.4	3.3380183786959053e-6
15.2	3.4069392616655557e-6
15.	3.475538600267839e-6
14.8	3.5434110405394194e-6
14.6	3.6100949183758856e-6
14.4	3.675025953390261e-6
14.2	3.737517300149991e-6
14.	3.7967063372083384e-6
13.8	3.851556103992731e-6
13.6	3.900771027493058e-6
13.4	3.942729377780748e-6
13.2	3.9755579236504904e-6
13.	3.996571709139298e-6
12.8	4.002880602691817e-6
12.6	3.990608654013183e-6
12.4	3.954939641460156e-6
12.2	3.88950105019221e-6
12.	3.7867833792445793e-6
11.8	3.636733643712243e-6
11.6	3.4265998839756185e-6
11.4	3.139996699084752e-6
11.2	2.7555931768803465e-6
11.	2.2463054333300495e-6
10.8	1.575675333193693e-6
10.6	6.966125815784442e-7
10.4	-4.533112199181333e-7
10.2	-1.9566533043791403e-6
10.	-3.923672153542163e-6
30.	6.368922538388143e-7
30.2	6.232914491238082e-7
30.4	6.100084757304714e-7
30.6	5.970364702037844e-7
30.8	5.843680948230628e-7
31.	5.719931856354825e-7
31.2	5.599054828148204e-7
31.4	5.48097105927601e-7
31.6	5.365645085570923e-7
31.8	5.252943189841293e-7
32.	5.142867921349573e-7
32.2	5.035309642598308e-7
32.4	4.930226680344406e-7
32.6	4.827573440990749e-7
32.8	4.7272335014035806e-7
33.	4.629192180802618e-7
33.2	4.533405760678348e-7
33.4	4.439787987229448e-7
33.6	4.3482747672089866e-7
33.8	4.258850487705774e-7
34.	4.171467930490678e-7
34.2	4.086022378889055e-7
34.4	4.00251507821845e-7
34.6	3.920796228850484e-7
34.8	3.841108177941486e-7
35.	3.7630782340837624e-7
35.2	3.686812516469722e-7
35.4	3.612246947638337e-7
35.6	3.5393423349808126e-7
35.8	3.468051864287274e-7
36.	3.398347934927152e-7
36.2	3.3301872722226006e-7
36.4	3.263536012601646e-7
36.6	3.1983472292969193e-7
36.8	3.134602049137861e-7
37.	3.0722467660661677e-7
37.2	3.0112485626435536e-7
37.4	2.951604246426239e-7
37.6	2.8932410158790704e-7
37.8	2.836165675937957e-7
38.	2.78034335918873e-7
38.2	2.7257073214247493e-7
38.4	2.672265640553217e-7
38.6	2.619983032967385e-7
38.8	2.5688215561759056e-7
39.	2.5187399148966124e-7
39.2	2.4697682796372003e-7
39.4	2.4218367509865494e-7
39.6	2.3749316000674192e-7
39.8	2.3290252717852411e-7
40.	2.284107883234021e-7
40.2	2.2401252215982762e-7
40.4	2.1970783773558902e-7
40.6	2.154967322348767e-7
40.8	2.1137278633459243e-7
41.	2.073357771281263e-7
41.2	2.0338643069725478e-7
41.4	1.9951629571933522e-7
41.6	1.9573084270774474e-7
41.8	1.9202132636302182e-7
42.	1.8839057318553354e-7
42.2	1.8483800064281045e-7
42.4	1.813584444220517e-7
42.6	1.7794948257046505e-7
42.8	1.7461218587120863e-7
43.	1.7134461658352075e-7
43.2	1.6814333360541703e-7
43.4	1.6500671147264894e-7
43.6	1.619387815530982e-7
43.8	1.589318821456704e-7
44.	1.5598375716869378e-7
44.2	1.5309782412205616e-7
44.4	1.5027348072176872e-7
44.6	1.4750354817563156e-7
44.8	1.447911543734879e-7
45.	1.4213460408391165e-7
45.2	1.395294936367504e-7
45.4	1.369806102204301e-7
45.6	1.34489842381454e-7
45.8	1.3203211219250355e-7
46.	1.2963489014971094e-7
46.2	1.2728218554956572e-7
46.4	1.249747415544966e-7
46.6	1.2272073894144597e-7
46.8	1.2050674802570691e-7
47.	1.1833420616658576e-7
47.2	1.1621026434078791e-7
47.4	1.1412813957114835e-7
47.6	1.120835001700901e-7
47.8	1.1008151502791668e-7
48.	1.0811773429554989e-7
48.2	1.0619503939747634e-7
48.4	1.0430753035672e-7
48.6	1.0245834218702653e-7
48.8	1.0064666537128346e-7
49.	9.886692406141698e-8
49.2	9.710365861383318e-8
49.4	9.541515966801241e-8
49.6	9.372469196431071e-8
49.8	9.209762829875724e-8
50.	9.048529705408183e-8