30.	1.7660089293935472e-6
29.8	1.8056026739364724e-6
29.6	1.846181429007787e-6
29.4	1.8877756116785768e-6
29.2	1.9303973789339815e-6
29.	1.974091842353749e-6
28.8	2.0188893689404503e-6
28.6	2.064799858252392e-6
28.4	2.1118750844785625e-6
28.2	2.160143917693081e-6
28.	2.2096296771311478e-6
27.8	2.2603641996947502e-6
27.6	2.3124072597709896e-6
27.4	2.365786166585358e-6
27.2	2.420504861438972e-6
27.	2.476634043774339e-6
26.8	2.5342109412787124e-6
26.6	2.5932890860831145e-6
26.4	2.6538660557088437e-6
26.2	2.7160571111986026e-6
26.	2.7798156595310615e-6
25.8	2.845270997137454e-6
25.6	2.9123939721084566e-6
25.4	2.981297441276997e-6
25.2	3.0520429126965978e-6
25.	3.1246033824122364e-6
24.8	3.199100230938316e-6
24.6	3.2755644014017875e-6
24.4	3.354043221526689e-6
24.2	3.4344996297984752e-6
24.	3.5173395779855153e-6
23.8	3.602160070577075e-6
23.6	3.68933004122615e-6
23.4	3.7788648892471527e-6
23.2	3.87092671013993e-6
23.	3.965362392101714e-6
22.8	4.062323035828281e-6
22.6	4.161785155924571e-6
22.4	4.2641182288304125e-6
22.2	4.369153338664261e-6
22.	4.4771679647963375e-6
21.8	4.587970781141262e-6
21.6	4.7018833178775754e-6
21.4	4.818909243075599e-6
21.2	4.939163976928483e-6
21.	5.062717427977653e-6
20.8	5.189689930517684e-6
20.6	5.320253331328702e-6
20.4	5.454169373170527e-6
20.2	5.591928211233933e-6
20.	5.733678037409431e-6
19.8	5.879002860798065e-6
19.6	6.028534838872469e-6
19.4	6.182195603671187e-6
19.2	6.3401077966053325e-6
19.	6.502464797335222e-6
18.8	6.669218225431401e-6
18.6	6.840743682195493e-6
18.4	7.016818119477032e-6
18.2	7.1978348049898744e-6
18.	7.383846487058029e-6
17.8	7.574944160527193e-6
17.6	7.771287385516305e-6
17.4	7.97299759735412e-6
17.2	8.180148332962227e-6
17.	8.392852891321047e-6
16.8	8.611257497113515e-6
16.6	8.835451588592673e-6
16.4	9.065500878495256e-6
16.2	9.301447815705909e-6
16.	9.543424377673333e-6
15.8	9.791427595128637e-6
15.6	0.00001004544107564886
15.4	0.000010305449770137601
15.2	0.000010571460118094673
15.	0.000010843172916557091
14.8	0.00001112053723493756
14.6	0.000011403282572731885
14.4	0.000011691036044463179
14.2	0.000011983317440442293
14.	0.000012279414363723504
13.8	0.000012578611707653405
13.6	0.000012879821848844679
13.4	0.000013181677345581452
13.2	0.000013482506576302249
13.	0.000013780029464499346
12.8	0.000014071585615956235
12.6	0.000014353568269632207
12.4	0.000014621639166877362
12.2	0.000014870071106571545
12.	0.000015091646136365215
11.8	0.000015277157119762563
11.6	0.000015414820448894104
11.4	0.00001548939497183116
11.2	0.000015481334829626708
11.	0.000015365128426919394
10.8	0.000015107691121508385
10.6	0.000014665763612532011
10.4	0.000013982204727163117
10.2	0.000012981797471569959
10.	0.000011564476612293084
10.	0.000011564470054251476
9.8	9.596838421545208e-6
9.6	6.899274135695313e-6
9.4	3.2300825139826546e-6
9.2	-1.738947125037131e-6
9.	-8.455154457394297e-6
8.8	-0.00001753102964020324
8.6	-0.000029809994222332167
8.4	-0.00004645684801703546
8.2	-0.00006908686264470818
8.	-0.00009994532082136988
7.8	-0.0001421595289479239
7.6	-0.0002000859570859703
7.4	-0.00027978600490403044
7.2	-0.00038966805628508675
7.	-0.0005413261294598131
6.8	-0.0007506153950701056
6.6	-0.0010389603603647708
6.4	-0.001434878167121543
6.2	-0.0019756046332898925
6.	-0.002708696030096718
5.8	-0.003693401847827004
5.6	-0.0050016378468597375
5.4	-0.006718481566579813
5.2	-0.008942272018808085
5.	-0.011784570965882363
4.8	-0.015370306833114003
4.6	-0.019838456302322515
4.4	-0.025343480837144154
4.2	-0.03196174752536871
4.	-0.03575725312584609
30.	1.7660089293935472e-6
30.2	1.7273697775361711e-6
30.4	1.689664259292003e-6
30.6	1.6528755490515939e-6
30.8	1.616957487861974e-6
31.	1.5819002980732604e-6
31.2	1.5476826437178272e-6
31.4	1.5142889371907275e-6
31.6	1.4816755689710693e-6
31.8	1.4498459192832803e-6
32.	1.41876444299809e-6
32.2	1.3884199035874468e-6
32.4	1.3587913432239969e-6
32.6	1.329858147655284e-6
32.8	1.3016069379778814e-6
33.	1.2740111815745785e-6
33.2	1.2470666759583157e-6
33.4	1.2207434399435946e-6
33.6	1.1950344364842879e-6
33.8	1.169918778004491e-6
34.	1.14538246078828e-6
34.2	1.1214235040665146e-6
34.4	1.0979979321664452e-6
34.6	1.0751350121666442e-6
34.8	1.0527794735501753e-6
35.	1.0309352156189722e-6
35.2	1.0095987253585702e-6
35.4	9.887385056562813e-7
35.6	9.683602201363791e-7
35.8	9.484451405909052e-7
36.	9.289742814784706e-7
36.2	9.099507732024263e-7
36.4	8.913479935190896e-7
36.6	8.731649291171666e-7
36.8	8.553901944270432e-7
37.	8.380182463173783e-7
37.2	8.210339733602266e-7
37.4	8.044128585644505e-7
37.6	7.881731377462817e-7
37.8	7.723063440844453e-7
38.	7.567764528992316e-7
38.2	7.415892464443012e-7
38.4	7.267390530053996e-7
38.6	7.122152578032438e-7
38.8	6.980020124485823e-7
39.	6.841166710113317e-7
39.2	6.705234040272757e-7
39.4	6.572340396650749e-7
39.6	6.442432481259438e-7
39.8	6.31516872896915e-7
40.	6.190709870466711e-7
40.2	6.069014292974844e-7
40.4	5.949822779332929e-7
40.6	5.833296139784184e-7
40.8	5.719271728581589e-7
41.	5.607575172194916e-7
41.2	5.49848066130955e-7
41.4	5.391640119380766e-7
41.6	5.287028312117148e-7
41.8	5.184763139618092e-7
42.	5.08446703153942e-7
42.2	4.98637620640896e-7
42.4	4.89046412710493e-7
42.6	4.796492657413215e-7
42.8	4.704527212465552e-7
43.	4.6145215931254445e-7
43.2	4.5263472189177775e-7
43.4	4.4400865675377664e-7
43.6	4.3556428728740855e-7
43.8	4.2728674354254043e-7
44.	4.1918804252639665e-7
44.2	4.112534963955248e-7
44.4	4.0348610873169976e-7
44.6	3.9588003368800154e-7
44.8	3.884350804194459e-7
45.	3.8113539154927397e-7
45.2	3.7399421940137364e-7
45.4	3.670010458475732e-7
45.6	3.60143964043812e-7
45.8	3.5342936871698977e-7
46.	3.4685140397394757e-7
46.2	3.4041348989195435e-7
46.4	3.341126228061031e-7
46.6	3.279356801406705e-7
46.8	3.2186092748708945e-7
47.	3.159252751621229e-7
47.2	3.1011051197467326e-7
47.4	3.04427487692487e-7
47.6	2.98834570496565e-7
47.8	2.93363233269837e-7
48.	2.880086308057107e-7
48.2	2.8274976288545616e-7
48.4	2.7758789374618035e-7
48.6	2.725622727685776e-7
48.8	2.676139755358867e-7
49.	2.627753699627059e-7
49.2	2.5801739980966717e-7
49.4	2.5336945663496923e-7
49.6	2.4880902743867077e-7
49.8	2.443285591091419e-7
50.	2.399465705098522e-7