1.6666666666666667	0.37117374415979426
1.6500000000000001	0.37080123939496007
1.6333333333333333	0.37042831213242555
1.6166666666666667	0.37005495887855144
1.6	0.36968117554294094
1.5833333333333333	0.3693069588330297
1.5666666666666667	0.36893230459650284
1.55	0.3685572089836056
1.5333333333333334	0.368181668005138
1.5166666666666668	0.3678056777377586
1.5	0.3674292342789636
1.4833333333333334	0.3670523332125007
1.4666666666666668	0.36667497039013314
1.45	0.36629714181845163
1.4333333333333333	0.36591884290488
1.4166666666666667	0.36554006962170327
1.4	0.36516081723118365
1.3833333333333333	0.36478108140394117
1.366666666666667	0.36440085761671875
1.35	0.36402014124972876
1.3333333333333335	0.3636389276362455
1.3166666666666669	0.36325721200268496
1.3	0.3628749895233944
1.2833333333333334	0.36249225550949915
1.2666666666666668	0.3621090047897467
1.25	0.36172523259686185
1.2333333333333334	0.3613409336784861
1.2166666666666668	0.360956102996253
1.2	0.3605707353440007
1.1833333333333333	0.3601848254037687
1.1666666666666667	0.3597983679008758
1.15	0.35941135739767965
1.1333333333333333	0.3590237883644593
1.1166666666666667	0.35863565535899156
1.0999999999999999	0.35824695272322676
1.0833333333333335	0.35785767473892593
1.0666666666666667	0.3574678155675928
1.05	0.3570773695709038
1.0333333333333334	0.3566863306960351
1.0166666666666666	0.3562946929535854
1.	0.3559024503981261
0.9833333333333335	0.35550959693781353
0.9666666666666668	0.35511612628269756
0.9500000000000002	0.3547220322322282
0.9333333333333335	0.3543273084504009
0.9166666666666667	0.353931948526528
0.9000000000000001	0.3535359460394392
0.8833333333333334	0.35313929448874043
0.8666666666666667	0.3527419872407986
0.8500000000000001	0.3523440176577987
0.8333333333333334	0.3519453790012108
0.8166666666666667	0.3515460644928811
0.8	0.3511460673346664
0.7833333333333333	0.3507453805516276
0.7666666666666666	0.35034399721768883
0.75	0.34994191035474126
0.7333333333333333	0.3495391128241782
0.7166666666666668	0.34913559755083307
0.7000000000000001	0.34873135735818617
0.6833333333333335	0.34832638502374946
0.6666666666666667	0.3479206732933764
0.65	0.34751421485656914
0.6333333333333334	0.34710700235140485
0.6166666666666667	0.3466990284831364
0.6	0.3462902857804649
0.5833333333333334	0.3458807667729637
0.5666666666666667	0.34547046408281235
0.5499999999999999	0.34505937020161354
0.5333333333333333	0.34464747760762454
0.5166666666666668	0.344234778905696
0.5000000000000001	0.3438212664143532
0.4833333333333334	0.3434069327417382
0.46666666666666673	0.34299177036576955
0.45000000000000007	0.3425757720533299
0.43333333333333335	0.3421589295249523
0.4166666666666667	0.34174123627782393
0.4	0.3413226842042505
0.3833333333333333	0.3409032665541051
0.36666666666666664	0.34048297542571526
0.35	0.3400618043716038
0.33333333333333326	0.3396397440057209
0.3166666666666666	0.33921679007393973
0.3000000000000001	0.3387929331169109
0.28333333333333344	0.33836816715595736
0.2666666666666667	0.33794248537462457
0.25000000000000006	0.3375158800877305
0.23333333333333336	0.33708834472828036
0.21666666666666667	0.3366598739023002
0.2	0.3362304600338927
0.18333333333333332	0.33580009689340984
0.16666666666666663	0.3353687778420004
0.14999999999999997	0.33493649811175596
0.13333333333333328	0.3345032510440385
0.11666666666666659	0.334069030395287
0.10000000000000009	0.3336338312511087
0.08333333333333341	0.3331976483677653
0.06666666666666674	0.3327604761246477
0.050000000000000044	0.3323223096833856
0.03333333333333337	0.331883144586902
0.016666666666666684	0.3314429758670352
0.	0.33100180042195654
1.6666666666666667	0.37117374415979426
1.6833333333333333	0.37154583014679715
1.7000000000000002	0.37191750097903964
1.7166666666666668	0.3722887599274086
1.7333333333333334	0.3726596108834685
1.7500000000000002	0.37303005705093917
1.7666666666666668	0.37340010178735017
1.7833333333333334	0.3737697479306908
1.8000000000000003	0.37413900013219487
1.8166666666666669	0.3745078604082566
1.8333333333333335	0.37487633263810727
1.8500000000000003	0.37524441911904344
1.866666666666667	0.37561212409365524
1.8833333333333333	0.3759794500596422
1.9000000000000004	0.3763463996614849
1.9166666666666665	0.37671297649887336
1.9333333333333333	0.3770791835754243
1.95	0.37744502339474484
1.9666666666666666	0.37781049901518204
1.9833333333333334	0.3781756130813639
2.	0.3785403683958488
2.0166666666666666	0.3789047679937643
2.033333333333333	0.3792688145078055
2.0500000000000003	0.37963251043483687
2.066666666666667	0.37999585862453794
2.0833333333333335	0.38035886137673103
2.1	0.38072152162160644
2.1166666666666667	0.38108384161055
2.1333333333333333	0.38144582427381524
2.1500000000000004	0.38180747161903067
2.166666666666667	0.38216878632063755
2.1833333333333336	0.3825297709185951
2.2	0.38289042758772124
2.216666666666667	0.3832507585913555
2.2333333333333334	0.3836107662482306
2.2500000000000004	0.3839704532911566
2.2666666666666666	0.3843298217105496
2.2833333333333337	0.38468887344483516
2.3	0.3850476111127169
2.316666666666667	0.38540603672171564
2.3333333333333335	0.38576415242108064
2.35	0.3861219602605654
2.3666666666666667	0.3864794626063575
2.3833333333333333	0.38683666157326224
2.4	0.38719355851202475
2.4166666666666665	0.3875501563839431
2.4333333333333336	0.3879064565216754
2.45	0.3882624610300536
2.466666666666667	0.38861817188404063
2.4833333333333334	0.3889735914172317
2.5	0.38932872081080605
2.5166666666666666	0.3896835625349849
2.5333333333333337	0.39003811811385103
2.5500000000000003	0.39039238980975666
2.566666666666667	0.39074637878590146
2.5833333333333335	0.3911000873686484
2.6	0.3914535172390255
2.6166666666666667	0.39180666992061014
2.6333333333333337	0.3921595474355831
2.65	0.39251215121657107
2.666666666666667	0.39286448304332455
2.683333333333333	0.39321654492762853
2.7	0.39356833798364355
2.716666666666667	0.3939198641942209
2.733333333333334	0.39427112516941165
2.75	0.3946221225480324
2.766666666666667	0.3949728576929847
2.783333333333333	0.39532333221458527
2.8000000000000003	0.3956735479378363
2.816666666666667	0.39602350610294607
2.8333333333333335	0.396373208377202
2.85	0.39672265606323304
2.8666666666666667	0.3970718509219015
2.8833333333333333	0.3974207943044322
2.9	0.39776948768288956
2.916666666666667	0.39811793252846817
2.9333333333333336	0.3984661300762659
2.95	0.39881408200206475
2.966666666666667	0.39916178938691105
2.9833333333333334	0.3995092540064475
3.	0.3998564769115682
3.016666666666667	0.40020345959007936
3.033333333333333	0.4005502033001458
3.0500000000000003	0.4008967094268581
3.0666666666666664	0.40124297932055986
3.0833333333333335	0.4015890142322918
3.1	0.40193481550103677
3.116666666666667	0.4022803841544146
3.1333333333333333	0.4026257218293113
3.1500000000000004	0.4029708296550257
3.1666666666666665	0.4033157085242556
3.1833333333333336	0.40366036016395096
3.2	0.4040047855032066
3.2166666666666672	0.40434898577947176
3.2333333333333334	0.40469296232906943
3.25	0.40503671608592284
3.2666666666666666	0.4053802483499565
3.283333333333333	0.405723560322729
3.3000000000000003	0.4060666529667586
3.316666666666667	0.4064095276434158
3.3333333333333335	0.40675218536036284
3.3499999999999996	0.40709462722667245
3.3666666666666667	0.4074368544510426
3.3833333333333337	0.40777886795513096
3.4000000000000004	0.40812066885747667
3.4166666666666665	0.40846225835167516
3.4333333333333336	0.4088036373409676
3.4500000000000006	0.40914480705486217
3.466666666666667	0.4094857684518059
3.4833333333333334	0.40982652249181567
3.5000000000000004	0.4101670703737349
3.5166666666666675	0.4105074129041679
3.5333333333333337	0.41084755126924155
3.55	0.411187486346923
3.5666666666666664	0.41152721923757507
3.5833333333333335	0.4118667508184482
3.6000000000000005	0.4122060821253591
3.6166666666666667	0.4125452141123643
3.633333333333333	0.4128841477360106
3.65	0.41322288396293816
3.666666666666667	0.413561423588917
3.6833333333333336	0.41389976778253584
3.6999999999999997	0.4142379173043137
3.716666666666667	0.41457587315404304
3.733333333333334	0.4149136361555541
3.75	0.4152512073065498
3.7666666666666666	0.4155885874001144
3.7833333333333337	0.4159257774247295
3.8000000000000007	0.4162627781568586
3.816666666666667	0.4165995905385069
3.833333333333333	0.41693621539952513
3.85	0.4172726537339152
3.866666666666667	0.4176089061696155
3.8833333333333337	0.41794497366475225
3.9	0.4182808570567562
3.916666666666667	0.4186165571473883
3.933333333333334	0.4189520747528459
3.95	0.41928741078625503
3.966666666666667	0.4196225659591348
3.983333333333333	0.4199575410939339
4.	0.42029233701461133
4.0166666666666675	0.4206269544773596
4.033333333333333	0.4209613943109789
4.05	0.42129565726685936
4.066666666666666	0.4216297441460623
4.083333333333334	0.42196365568130934
4.1000000000000005	0.4222973926507167
4.116666666666666	0.4226309558219839
4.133333333333334	0.422964345906727
4.15	0.42329756372173666
4.166666666666667	0.42363060997174157
4.183333333333334	0.4239634853015318
4.2	0.42429619057791296
4.216666666666668	0.424628726396525
4.233333333333333	0.42496109356536615
4.25	0.4252932928378081
4.266666666666667	0.42562532477635473
4.283333333333334	0.4259571902106777
4.300000000000001	0.4262888897464573
4.316666666666666	0.42662042415700113
4.333333333333334	0.42695179396853544
4.3500000000000005	0.4272830001412981
4.366666666666667	0.42761404312522955
4.383333333333334	0.4279449236325871
4.3999999999999995	0.4282756423313776
4.416666666666667	0.4286062000649186
4.433333333333334	0.4289365970861734
4.45	0.42926683446820624
4.466666666666667	0.42959691256467475
4.483333333333333	0.4299268322739239
4.500000000000001	0.4302565940060977
4.516666666666667	0.4305861985243573
4.533333333333333	0.43091564579913705
4.55	0.4312449380788667
4.566666666666667	0.43157407458038644
4.583333333333334	0.431903056324048
4.6	0.4322318834279003
4.616666666666667	0.4325605580573719
4.633333333333334	0.4328890786995496
4.65	0.433217448054973
4.666666666666667	0.43354566479474804
4.683333333333334	0.4338737308285977
4.700000000000001	0.4342016463046634
4.716666666666667	0.4345294114732272
4.733333333333333	0.4348570275497452
4.75	0.4351844945169633
4.7666666666666675	0.4355118135408778
4.783333333333334	0.4358389848502662
4.8	0.43616600900783215
4.816666666666666	0.4364928861578454
4.833333333333333	0.4368196181151879
4.8500000000000005	0.43714620423581824
4.866666666666667	0.4374726454136539
4.883333333333333	0.4377989423244579
4.9	0.43812509543875544
4.916666666666667	0.43845110516618707
4.933333333333334	0.43877697206619143
4.95	0.43910269709636784
4.966666666666667	0.4394282803949881
4.983333333333334	0.439753722409358
5.	0.44007902361392265