45.	1.1710584223947527e-11
44.8	1.0945749394505586e-11
44.6	1.0994309554695758e-11
44.4	1.4637605961589392e-11
44.2	1.0144626776707442e-11
44.	9.663857465054518e-12
43.8	1.1855766208024392e-10
43.6	8.580587996020216e-12
43.4	2.950455437654392e-12
43.2	7.316533355112373e-12
43.	7.91662161434193e-12
42.8	5.851639001695439e-12
42.6	5.036697911084329e-12
42.4	4.158287816121321e-12
42.2	4.764263973456655e-12
42.	2.2100330151492577e-12
41.8	-1.7990335159325358e-11
41.6	-1.1966824021616351e-11
41.4	-1.2327473482610917e-12
41.2	-3.038833517446727e-12
41.	-4.031817554153338e-12
40.8	-5.1139620962943344e-12
40.6	-7.139322949138016e-12
40.4	-9.094799201917032e-12
40.2	-1.8299201936785525e-11
40.	-1.266414845650757e-11
39.8	1.109364628946672e-11
39.6	-1.7516923771911915e-11
39.4	-2.362188736992188e-11
39.2	1.5693061350571092e-11
39.	-2.4620466553771285e-11
38.8	-2.8032451473292008e-11
38.6	-3.0664551230852516e-11
38.4	-3.381033575279723e-11
38.2	-3.725947359371292e-11
38.	-4.0986374388601864e-11
37.8	-4.492282102517362e-11
37.6	-4.9073449448738444e-11
37.4	-5.35839000123101e-11
37.2	-5.2164039235764934e-11
37.	-6.338255386999951e-11
36.8	-6.587788936826472e-11
36.6	-7.971131134901901e-11
36.4	-7.763430765041436e-11
36.2	-8.671097845530215e-11
36.	-9.415053707003009e-11
35.8	-1.0141236570370972e-10
35.6	-1.0926364356565383e-10
35.4	-1.1780532730241692e-10
35.2	-1.4140833875870427e-10
35.	-1.3608246349819702e-10
34.8	-1.4615764017127377e-10
34.6	-1.5687925988006022e-10
34.4	-1.683704427790969e-10
34.2	-1.849064756059496e-10
34.	-1.9366666076389907e-10
33.8	-2.075606542432481e-10
33.6	-2.2257225861957432e-10
33.4	-2.3843152514841346e-10
33.2	-2.5536516937422536e-10
33.	-2.7349940222340767e-10
32.8	-2.9225670517517823e-10
32.6	-3.127546185236786e-10
32.4	-3.5457239521050595e-10
32.2	-3.589849531483132e-10
32.	-3.8434895262612567e-10
31.8	-4.107886859444562e-10
31.6	-4.3972006057643453e-10
31.4	-4.707533637007516e-10
31.2	-5.054029842138421e-10
31.	-5.467204928491586e-10
30.8	-5.763135932033578e-10
30.6	-6.167099990395436e-10
30.4	-6.604030149024741e-10
30.2	-6.866882538253845e-10
30.	-8.178923070034699e-10
29.8	-8.097219015190512e-10
29.6	-8.672436985648558e-10
29.4	-9.420955996323636e-10
29.2	-9.973418126756553e-10
29.	-1.0587106208624506e-9
28.8	-1.144262935032282e-9
28.6	-1.2271791982753864e-9
28.4	-1.3165447320980285e-9
28.2	-1.4129004340377854e-9
28.	-1.5170191701036462e-9
27.8	-1.6290014651389567e-9
27.6	-1.750295968495094e-9
27.4	-1.8813249658283366e-9
27.2	-2.023865741550645e-9
27.	-2.175572925456079e-9
26.8	-2.341704802529963e-9
26.6	-2.5209898650402842e-9
26.4	-2.714850593463962e-9
26.2	-2.9260041540035493e-9
26.	-3.1569203818716036e-9
25.8	-3.4057368549530526e-9
25.6	-3.677360167866428e-9
25.4	-3.972774804261427e-9
25.2	-4.2939025836247685e-9
25.	-4.645415009614694e-9
24.8	-5.027870879976521e-9
24.6	-5.4461186760200185e-9
24.4	-5.903669544281884e-9
24.2	-6.404695388789112e-9
24.	-6.9502606839962535e-9
23.8	-7.550611023580991e-9
23.6	-8.211639695363191e-9
23.4	-8.932431947836595e-9
23.2	-9.785142397043781e-9
23.	-1.0603681504717852e-8
22.8	-1.1568796849775872e-8
22.6	-1.2628674270062672e-8
22.4	-1.3809363116830008e-8
22.2	-1.511225925528575e-8
22.	-1.65517947659418e-8
21.8	-1.8183509424911714e-8
21.6	-1.9917372700037998e-8
21.4	-2.188663091877692e-8
21.2	-2.407475883987625e-8
21.	-2.651308328874866e-8
20.8	-2.9234524326335378e-8
20.6	-3.2273172338032806e-8
20.4	-3.5672404134313035e-8
20.2	-3.948019806543757e-8
20.	-4.375475450161374e-8
19.8	-4.8556235910282684e-8
19.6	-5.395777070685335e-8
19.4	-6.004134508766362e-8
19.2	-6.691949711749847e-8
19.	-7.469142450224989e-8
18.8	-8.349294219989049e-8
18.6	-9.348031858319788e-8
18.4	-1.0482316687135889e-7
18.2	-1.1774203370935346e-7
18.	-1.3247071626145691e-7
17.8	-1.4930080940767263e-7
17.6	-1.6856228023416947e-7
17.4	-1.9065285702104278e-7
17.2	-2.1603324065359342e-7
17.	-2.452556423600497e-7
16.8	-2.7896042665833054e-7
16.6	-3.179247840224025e-7
16.4	-3.63054909818165e-7
16.2	-4.1543980424236376e-7
16.	-4.7638364876617924e-7
15.8	-5.474245172177314e-7
15.6	-6.304292715481749e-7
15.4	-7.276105413751888e-7
15.2	-8.417169313869744e-7
15.	-9.759606466679325e-7
14.8	-1.1342620833931708e-6
14.6	-1.3214105202424456e-6
14.4	-1.5432009203864936e-6
14.2	-1.8067123843868736e-6
14.	-2.1205774162310955e-6
13.8	-2.4954139804593296e-6
13.6	-2.944216789978559e-6
13.4	-3.483014929856172e-6
13.2	-4.131616969469461e-6
13.	-4.914521382113148e-6
12.8	-5.862155473835427e-6
12.6	-7.012393978365877e-6
12.4	-8.412495280846095e-6
12.2	-0.000010121582121794733
12.	-0.000012213832154097723
11.8	-0.000014782501828473545
11.6	-0.000017945179357070542
11.4	-0.00002185042466576172
11.2	-0.000026686391473659965
11.	-0.00003269191840304793
10.8	-0.000040170688588646365
10.6	-0.000049509618756550916
10.4	-0.00006120238176685306
10.2	-0.00007587961377457057
10.	-0.0000943476130213535
45.	1.1710584223947527e-11
45.2	1.4151281210976083e-11
45.4	1.2307596334248527e-11
45.6	1.2565612976631715e-11
45.8	1.2801081753640266e-11
46.	1.1451733570044621e-11
46.2	1.3231600751642886e-11
46.4	9.912459819620817e-12
46.6	1.351123556987495e-11
46.8	1.363028920527178e-11
47.	1.3754677483668372e-11
47.2	1.385773149122724e-11
47.4	2.931634820290176e-11
47.6	1.3997961359723845e-11
47.8	1.3860715832020311e-11
48.	1.4051860203994155e-11
48.2	1.4117409410485779e-11
48.4	1.4133937353412322e-11
48.6	1.4140657483588816e-11
48.8	1.413830566380337e-11
49.	1.4126391763756804e-11
49.2	1.4107567346658846e-11
49.4	1.4075828064959883e-11
49.6	-1.7859557212458684e-11
49.8	1.4010902484117922e-11
50.	-2.0433501325421862e-12
50.2	1.3891659105875066e-11
50.4	1.3830419823476354e-11
50.6	1.4034469392852937e-11
50.8	1.5465105233898525e-11
51.	1.3642772966833992e-11
51.2	1.3555467091120796e-11
51.4	1.3452356335933948e-11
51.6	1.33641651775573e-11
51.8	1.119491606145308e-11
52.	1.3211187498157988e-11
52.2	8.968760764914648e-13
52.4	1.2983173818724474e-11
52.6	1.2880532508394544e-11
52.8	1.2776878556104612e-11
53.	1.2671597517337991e-11
53.2	1.2572241416759367e-11
53.4	1.2457011638338133e-11
53.6	1.2364053064282692e-11
53.8	1.2344856432276258e-11
54.	1.2121770456133562e-11
54.2	1.2008841714145101e-11
54.4	1.191213807527662e-11
54.6	1.1737312034329645e-11
54.8	1.1254332291514904e-11
55.	1.1550156031755174e-11
55.2	1.1618839610262012e-11
55.4	1.1317865862515248e-11
55.6	1.1204025533047515e-11
55.8	1.1091556219599194e-11
56.	1.097021735920323e-11
56.2	1.0852267303709278e-11
56.4	1.072909759693029e-11
56.6	9.949280766328533e-12
56.8	1.0520620958832673e-11
57.	1.0390752927173776e-11
57.2	1.0275899957811925e-11
57.4	1.0164167576445496e-11
57.6	1.0046433581442865e-11
57.8	9.865335710970224e-12
58.	9.82246917414862e-12
58.2	9.70476390561267e-12
58.4	9.422978828231924e-12
58.6	9.53381235369491e-12
58.8	7.0322059469044834e-12
59.	2.387091692806381e-12
59.2	3.068493605486385e-13
59.4	8.912992626589928e-12
59.6	8.948361577757714e-12
59.8	-1.7345631431708526e-12
60.	2.734062059073659e-12
60.2	8.635044722186415e-12
60.4	8.532279096327973e-12
60.6	8.429657158482678e-12
60.8	8.328394746764179e-12
61.	8.267486527024932e-12
61.2	8.12982229725278e-12
61.4	8.024058812616324e-12
61.6	7.934023684509545e-12
61.8	7.83812419027825e-12
62.	7.750259287347767e-12
62.2	7.648685727302288e-12
62.4	7.237298610200996e-12
62.6	7.462558343888542e-12
62.8	7.329639592381436e-12
63.	7.1148749587964785e-12
63.2	7.237162068374711e-12
63.4	7.102619715492022e-12
63.6	7.479391667882847e-12
63.8	6.929578523878318e-12
64.	6.8442849848664375e-12
64.2	6.759774156666613e-12
64.4	-7.757557071607998e-12
64.6	6.593388445901008e-12
64.8	6.512732391882569e-12
65.	6.4332400547377095e-12
65.2	6.351666863942994e-12
65.4	6.2728355766085085e-12
65.6	6.235916491558671e-12
65.8	6.507711778206665e-12
66.	5.682689889113533e-12
66.2	5.9674384949070395e-12
66.4	5.893568898034863e-12
66.6	5.875503231864104e-12
66.8	5.747869544487331e-12
67.	5.9571125617149165e-12
67.2	5.605694393686742e-12
67.4	5.634705672970368e-12
67.6	5.208332196719515e-12
67.8	5.399486977151765e-12
68.	5.332419764781679e-12
68.2	5.266197873131847e-12
68.4	5.201405027694732e-12
68.6	5.136163409222877e-12
68.8	5.072541322850308e-12
69.	5.0099253996146805e-12
69.2	1.902152350976076e-11
69.4	4.8864651944549474e-12
69.6	5.366391877765465e-12
69.8	4.75732488366378e-12
70.	4.707186568520912e-12
70.2	4.647925860251486e-12
70.4	4.593663888827154e-12
70.6	4.6016183464121536e-12
70.8	4.479540958412669e-12
71.	4.1757941162550674e-12
71.2	4.368931740243197e-12
71.4	4.302482832095932e-12
71.6	4.259724730777879e-12
71.8	4.209106326021567e-12
72.	4.157603315593699e-12
72.2	4.0985868051268945e-12
72.4	4.055861358303314e-12
72.6	3.991511934333537e-12
72.8	3.956908887480529e-12
73.	3.908468901608034e-12
73.2	3.860281246504622e-12
73.4	3.81360824375952e-12
73.6	3.5922171139703052e-12
73.8	3.720898701512496e-12
74.	3.662962976198132e-12
74.2	3.630763656208721e-12
74.4	3.587172543128329e-12
74.6	-1.005281888096715e-11
74.8	-1.842765767876476e-11
75.	3.4580127475002336e-12
75.2	3.415649103354338e-12
75.4	3.374090846868059e-12
75.6	3.333293173340063e-12
75.8	5.8034431661867815e-12
76.	3.2532846742311113e-12
76.2	3.4219254652287444e-12
76.4	3.1750311200930143e-12
76.6	6.782306286178361e-12
76.8	3.0995944768499744e-12
77.	3.0620197825678065e-12
77.2	3.0255064609803602e-12
77.4	2.8733361996292302e-12
77.6	2.953480359889345e-12
77.8	2.9336615574850414e-12
78.	2.8833379049744353e-12
78.2	2.8495452430920546e-12
78.4	3.240272395895875e-12
78.6	2.782644069131897e-12
78.8	2.7505901879103272e-12
79.	2.719451970882753e-12
79.2	2.619255903717255e-12
79.4	-1.551589131069364e-11
79.6	2.6195004248996746e-12
79.8	2.5896355454049856e-12
80.	2.6159885005022275e-12