45.	0.31675314972815416
44.8	0.3168863043053939
44.6	0.31702109159700465
44.4	0.31715753867213975
44.2	0.3172956720080501
44.	0.31743552037868533
43.8	0.31757711182854215
43.6	0.3177204757802934
43.4	0.31786564129031714
43.2	0.31801263919408096
43.	0.31816150001207627
42.8	0.3183122555699905
42.6	0.31846493794446795
42.4	0.3186195803124993
42.2	0.3187762157282281
42.	0.3189348792361951
41.8	0.3190956052494135
41.6	0.31925842993308334
41.4	0.31942338974356826
41.2	0.31959052222063483
41.	0.3197598655044275
40.8	0.3199314583765118
40.6	0.32010534137084795
40.4	0.32028155456093094
40.2	0.32046014006356394
40.	0.3206411404199304
39.8	0.32082459930168084
39.6	0.3210105609907259
39.4	0.32119907096651723
39.2	0.321390176051145
39.	0.32158392412924314
38.8	0.32178036350044376
38.6	0.32197954403928564
38.4	0.3221815169347343
38.2	0.3223863341987741
38.	0.32259404940129227
37.8	0.32280471726056575
37.6	0.32301839300930973
37.4	0.32323513475476195
37.2	0.32345500023973583
37.	0.32367805029592966
36.8	0.32390434572184723
36.6	0.324133949965768
36.4	0.3243669267027668
36.2	0.32460334209189284
36.	0.3248432637406521
35.8	0.32508676108247175
35.6	0.32533390491283865
35.4	0.325584767685855
35.2	0.3258394235572334
35.	0.32609794933281017
34.8	0.3263604233381054
34.6	0.32662692490785433
34.4	0.3268975369964049
34.2	0.3271723432232964
34.	0.3274514302960066
33.8	0.3277348870233662
33.6	0.32802280346001284
33.4	0.32831527387234605
33.2	0.3286123929130963
33.	0.32891425911626293
32.8	0.32922097315449156
32.6	0.3295326378455789
32.4	0.32984935998955833
32.2	0.3301712480977757
32.	0.33049841349326287
31.8	0.330830971762063
31.6	0.33116903976348455
31.4	0.33151273911121065
31.2	0.33186219374651543
31.	0.3322175315893221
30.8	0.3325788834669635
30.6	0.33294638475692573
30.4	0.3333201734045739
30.2	0.3337003921005437
30.	0.33408718716804614
29.8	0.33448070862573104
29.6	0.3348811121207261
29.4	0.3352885560761389
29.2	0.3357032038784201
29.	0.33612522482987783
28.8	0.33655479123502235
28.6	0.3369920820294498
28.4	0.33743727993658706
28.2	0.3378905740741157
28.	0.3383521584473722
27.8	0.3388222341359268
27.6	0.33930100553979997
27.4	0.33978868609913493
27.2	0.34028549428304083
27.	0.3407916542126685
26.8	0.3413073988033132
26.6	0.3418329667978563
26.4	0.3423686047153437
26.2	0.3429145658752002
26.	0.34347111295566046
25.8	0.3440385151924518
25.6	0.3446170513232097
25.4	0.3452070085218023
25.2	0.3458086829119277
25.	0.34642238027929706
24.8	0.3470484157400416
24.6	0.3476871152448947
24.4	0.3483388149183387
24.2	0.34900386098272096
24.	0.34968261256298505
23.8	0.3503754392286631
23.6	0.351082724010902
23.4	0.35180486076313294
23.2	0.3525422585257946
23.	0.3532953382910874
22.8	0.35406453661912235
22.6	0.35485030416001884
22.4	0.35565310713433085
22.2	0.35647342730113857
22.	0.3573117632992439
21.8	0.3581686304647449
21.6	0.3590445641060076
21.4	0.3599401150743432
21.2	0.36085585599170034
21.	0.3617923788058463
20.8	0.3627502962152699
20.6	0.3637302432886856
20.4	0.36473287759971884
20.2	0.3657588801551738
20.	0.3668089571662235
19.8	0.3678838395381342
19.6	0.3689842862695461
19.4	0.3701110830814541
19.2	0.37126504492631307
19.	0.3724470168366803
18.8	0.3736578755056358
18.6	0.3748985299434106
18.4	0.3761699239928133
18.2	0.37747303582623776
18.	0.37880888193196216
17.8	0.3801785162645473
17.6	0.3815830325971197
17.4	0.3830235673060819
17.2	0.3845012998335953
17.	0.38601745517971003
16.8	0.3875733040262988
16.6	0.3891701683551242
16.4	0.3908094185099753
16.2	0.3924924793644494
16.	0.39422083009160214
15.8	0.3959960068725032
15.6	0.3978196058013186
15.4	0.3996932832272769
15.2	0.4016187599822875
15.	0.4035978224677234
14.8	0.40563232465511934
14.6	0.40772419132083315
14.4	0.4098754188788619
14.2	0.4120880783236092
14.	0.4143643164883193
13.8	0.4167063589840653
13.6	0.4191165092178903
13.4	0.4215971521334416
13.2	0.4241507539703471
13.	0.4267798626441305
12.8	0.4294871060704574
12.6	0.4322751935197479
12.4	0.4351469120114885
12.2	0.438105123621383
12.	0.4411527607875856
11.8	0.4442928200464038
11.6	0.44752835466521135
11.4	0.4508624627972753
11.2	0.4542982745190029
11.	0.4578389360159519
10.8	0.46148758718529215
10.6	0.4652473380861722
10.4	0.46912123799650185
10.2	0.47311223861243645
10.	0.47722315306357194
45.	0.31675314972815416
45.2	0.31662160160835956
45.4	0.31649163426512783
45.6	0.3163632226063442
45.8	0.3162363414808579
46.	0.3161109671096611
46.2	0.3159870755392193
46.4	0.31586464359262034
46.6	0.3157436482034086
46.8	0.3156240672983902
47.	0.3155058785949851
47.2	0.3153890607485305
47.4	0.3152735926273243
47.6	0.31515945353156627
47.8	0.315046623064278
48.	0.3149350811735859
48.2	0.31482480827041043
48.4	0.3147157854422235
48.6	0.31460799376170157
48.8	0.31450141460069675
49.	0.31439602982168685
49.2	0.3142918217728493
49.4	0.3141887728756002
49.6	0.3140868662218837
49.8	0.3139860844270828
50.	0.3138864112478763
50.2	0.31378783069772875
50.4	0.31369032637381583
50.6	0.31359388313717657
50.8	0.31349848524408497
51.	0.31340411755147624
51.2	0.3133107655878081
51.4	0.31321841468316397
51.6	0.3131270502843334
51.8	0.31303665874259234
52.	0.31294722606445785
52.2	0.31285873856285157
52.4	0.3127711829972934
52.6	0.3126845464630168
52.8	0.3125988161561028
53.	0.3125139789877002
53.2	0.31243002299128547
53.4	0.31234693588990176
53.6	0.3122647056463563
53.8	0.3121833202460466
54.	0.31210276849914
54.2	0.31202303882325283
54.4	0.3119441201171613
54.6	0.3118660012189922
54.8	0.3117886714283653
55.	0.3117121201966594
55.2	0.3116363368585881
55.4	0.31156131142186716
55.6	0.3114870333547768
55.8	0.3114134930845884
56.	0.31134068080379684
56.2	0.31126858660559414
56.4	0.31119720132844686
56.6	0.3111265156252968
56.8	0.31105652019847824
57.	0.31098720626955884
57.2	0.3109185646371043
57.4	0.31085058693012324
57.6	0.3107832645122564
57.8	0.3107165887148536
58.	0.31065055153301907
58.2	0.310585144567859
58.4	0.31052035994178323
58.6	0.3104561897852051
58.8	0.3103926260653348
59.	0.3103296612522867
59.2	0.31026728795118125
59.4	0.31020549844891027
59.6	0.31014428568660257
59.8	0.31008364240987335
60.	0.31002356142599546
60.2	0.30996403590107485
60.4	0.3099050589023797
60.6	0.30984662365727494
60.8	0.3097887236872316
61.	0.30973135201766205
61.2	0.30967450259713764
61.4	0.3096181690716734
61.6	0.3095623447833474
61.8	0.309507023959045
62.	0.30945220038972365
62.2	0.3093978682195646
62.4	0.3093440212115876
62.6	0.30929065392440935
62.8	0.30923776049839097
63.	0.3091853354568973
63.2	0.3091333728037119
63.4	0.3090818676913438
63.6	0.30903081422445017
63.8	0.30898020723242126
64.	0.30893004163822896
64.2	0.30888031221888224
64.4	0.3088310138885105
64.6	0.3087821415762092
64.8	0.3087336904328473
65.	0.30868565554957583
65.2	0.3086380322896595
65.4	0.30859081556768014
65.6	0.30854400117074504
65.8	0.30849758408781414
66.	0.30845156014772734
66.2	0.3084059247659865
66.4	0.3083606734045094
66.6	0.30831580193251307
66.8	0.3082713060744142
67.	0.308227181408138
67.2	0.3081834239762039
67.4	0.30814002975629246
67.6	0.3080969943525196
67.8	0.30805431415072226
68.	0.3080119850009832
68.2	0.3079700031525198
68.4	0.30792836483644226
68.6	0.3078870660046662
68.8	0.3078461032215332
69.	0.3078054727311413
69.2	0.30776517097802436
69.4	0.3077251941950583
69.6	0.30768553917912445
69.8	0.3076462020817787
70.	0.30760717987939773
70.2	0.30756846892362716
70.4	0.3075300658115321
70.6	0.30749196759994796
70.8	0.30745417066639674
71.	0.30741667216326934
71.2	0.30737946858848714
71.4	0.30734255706880526
71.6	0.30730593445400145
71.8	0.30726959776557483
72.	0.3072335439081294
72.2	0.3071977698692747
72.4	0.30716227290221254
72.6	0.30712705014859837
72.8	0.3070920985761042
73.	0.30705741538749787
73.2	0.30702299798750343
73.4	0.3069888436440008
73.6	0.3069549495032078
73.8	0.30692131283458984
74.	0.306887931345877
74.2	0.3068548020491372
74.4	0.3068219226625155
74.6	0.3067892906159956
74.8	0.3067569032961359
75.	0.30672475823731793
75.2	0.3066928531157228
75.4	0.30666118548060484
75.6	0.30662975302565804
75.8	0.3065985531660691
76.	0.30656758390477745
76.2	0.3065368426008051
76.4	0.3065063274121603
76.6	0.3064760358117196
76.8	0.3064459656122218
77.	0.3064161146379215
77.2	0.3063864808667875
77.4	0.30635706219843933
77.6	0.30632785634919535
77.8	0.3062988613511354
78.	0.3062700750589667
78.2	0.30624149560644803
78.4	0.3062131210321744
78.6	0.3061849490652736
78.8	0.306156978049086
79.	0.30612920602745375
79.2	0.30610163096514376
79.4	0.3060742510080575
79.6	0.3060470643279127
79.8	0.30602006907165513
80.	0.3059932635582498