30.	-3.417331301494721e-8
29.8	-3.8712467306957265e-8
29.6	-4.362066833091363e-8
29.4	-4.890901865294472e-8
29.2	-5.4632045897936835e-8
29.	-6.079901322399223e-8
28.8	-6.744952576161265e-8
28.6	-7.46452398632907e-8
28.4	-8.241045952155489e-8
28.2	-9.076586749863537e-8
28.	-9.9799420279563e-8
27.8	-1.0954394002123162e-7
27.6	-1.2005985143890856e-7
27.4	-1.3140627333670705e-7
27.2	-1.4366343561582307e-7
27.	-1.5687971824544944e-7
26.8	-1.7113955797172217e-7
26.6	-1.8656573336792844e-7
26.4	-2.0320696134699265e-7
26.2	-2.211809782459429e-7
26.	-2.4060312149400355e-7
25.8	-2.615877019150512e-7
25.6	-2.8426595005954564e-7
25.4	-3.0878897916284246e-7
25.2	-3.3530537128524676e-7
25.	-3.63987349333654e-7
24.8	-3.950272541818248e-7
24.6	-4.28639819339214e-7
24.4	-4.6502178260165414e-7
24.2	-5.044227099567961e-7
24.	-5.471236661229839e-7
23.8	-5.934290349594249e-7
23.6	-6.436525125568723e-7
23.4	-6.981503864575324e-7
23.2	-7.573230560853149e-7
23.	-8.215707586251595e-7
22.8	-8.914147975528774e-7
22.6	-9.673381397325937e-7
22.4	-1.0499333341643952e-6
22.2	-1.139841977825531e-6
22.	-1.237781793598224e-6
21.8	-1.3445073701393448e-6
21.6	-1.4608741182190167e-6
21.4	-1.5878475024813767e-6
21.2	-1.7265538765379802e-6
21.	-1.8780995005940597e-6
20.8	-2.0438272425944767e-6
20.6	-2.225180515056181e-6
20.4	-2.4237999065170224e-6
20.2	-2.641442942898221e-6
20.	-2.880332382471375e-6
19.8	-3.142483577356449e-6
19.6	-3.430636676564398e-6
19.4	-3.747504550061704e-6
19.2	-4.096326217327938e-6
19.	-4.480746431114336e-6
18.8	-4.9048069992909775e-6
18.6	-5.372975162811044e-6
18.4	-5.89038660948587e-6
18.2	-6.462963727347074e-6
18.	-7.097099844207417e-6
17.8	-7.800512842565352e-6
17.6	-8.581320734134192e-6
17.4	-9.449360718300404e-6
17.2	-0.000010415411989358579
17.	-0.00001149205234856883
16.8	-0.00001269339522625511
16.6	-0.000014035716324972105
16.4	-0.000015537642552800627
16.2	-0.000017220497701195104
16.	-0.000019108933390501524
15.8	-0.00002123099275865629
15.6	-0.00002361940985098454
15.4	-0.000026311820146984986
15.2	-0.00002935177245602137
15.	-0.000032789726730377544
14.8	-0.000036684396788185306
14.6	-0.000041103979720753055
14.4	-0.000046128154667020696
14.2	-0.00005184964879532825
14.	-0.000058377366740495096
13.8	-0.00006583866590845418
13.6	-0.00007438333561323597
13.4	-0.0000841872290162197
13.2	-0.00009545794602918991
13.	-0.00010844036398924906
12.8	-0.00012342420962431483
12.6	-0.00014075230017097215
12.4	-0.00016083174418921007
12.2	-0.00018414526169520138
12.	-0.00021126851104510432
11.8	-0.00024288550035215397
11.6	-0.0002798122320826047
11.4	-0.00032302207970630667
11.2	-0.00037367634742591896
11.	-0.000433161980089359
10.8	-0.0005031354679758629
10.6	-0.0005855738804199214
10.4	-0.0006828348065101065
10.2	-0.000797728204560141
10.	-0.0009335989249015223
30.	-3.417331301494721e-8
30.2	-2.9919113402026855e-8
30.4	-2.6084845270398932e-8
30.6	-2.2480660121231153e-8
30.8	-1.915774840509243e-8
31.	-1.608330966293126e-8
31.2	-1.3242586013073563e-8
31.4	-1.062516468022243e-8
31.6	-8.195492771127342e-9
31.8	-5.962102157977172e-9
32.	-3.90663547287232e-9
32.2	-2.00832715165678e-9
32.4	-2.6299489467396767e-10
32.6	1.3386754506359435e-9
32.8	2.8049093170948716e-9
33.	4.164921007819826e-9
33.2	5.402977731398222e-9
33.4	6.535895320122201e-9
33.6	7.570840603698405e-9
33.8	8.513839083353578e-9
34.	9.3642201762098e-9
34.2	1.015221974936654e-8
34.4	1.085807328399383e-8
34.6	1.1496745747431097e-8
34.8	1.2071518856521411e-8
35.	1.2587637027580187e-8
35.2	1.3048582765040174e-8
35.4	1.345977687661302e-8
35.6	1.3821953006861552e-8
35.8	1.4141188768518538e-8
36.	1.441980746914866e-8
36.2	1.4663187176335194e-8
36.4	1.4867722025116107e-8
36.6	1.5039856386625106e-8
36.8	1.521241902016879e-8
37.	1.5299053890834626e-8
37.2	1.5391678380662347e-8
37.4	1.545790265818874e-8
37.6	1.549906945058905e-8
37.8	1.5525461201711264e-8
38.	1.5527923804849797e-8
38.2	1.5505352187665247e-8
38.4	1.548861923711931e-8
38.6	1.5447920785075106e-8
38.8	1.5391910794644586e-8
39.	1.532362532666796e-8
39.2	1.5247040410402763e-8
39.4	1.5154239591384585e-8
39.6	1.5055324279974216e-8
39.8	1.494705979778622e-8
40.	1.483187758322983e-8
40.2	1.4709043865725973e-8
40.4	1.458025191048203e-8
40.6	1.4446096297234305e-8
40.8	1.4306178111832072e-8
41.	1.4162316845897474e-8
41.2	1.401419871503047e-8
41.4	1.3862039151339285e-8
41.6	1.3707502088317319e-8
41.8	1.3550045361208259e-8
42.	1.338986372681607e-8
42.2	1.3228287927569303e-8
42.4	1.3068570530467093e-8
42.6	1.28997935044245e-8
42.8	1.2733641479288577e-8
43.	1.2567034430900012e-8
43.2	1.2400111092397619e-8
43.4	1.2232634976505904e-8
43.6	1.206521898970971e-8
43.8	1.1897090826645433e-8
44.	1.173018903506898e-8
44.2	1.1563045172693173e-8
44.4	1.1379941091902219e-8
44.6	1.1231470753736115e-8
44.8	1.1066524289983203e-8
45.	1.0902556954157844e-8
45.2	1.0739747328794236e-8
45.4	1.0578503610483256e-8
45.6	1.0418355045393642e-8
45.8	1.0259356260121542e-8
46.	1.0105255627145832e-8
46.2	9.945316971181755e-9
46.4	9.790986586055037e-9
46.6	9.638374416334056e-9
46.8	9.486425179130066e-9
47.	9.336700351881627e-9
47.2	9.188796487783826e-9
47.4	9.0420732139388e-9
47.6	8.897563271572886e-9
47.8	8.754820497974457e-9
48.	8.6137613671207e-9
48.2	8.473785354380666e-9
48.4	8.337283513339664e-9
48.6	8.20138835911764e-9
48.8	8.06781595297957e-9
49.	7.935962476209179e-9
49.2	7.80572377535568e-9
49.4	7.677510086168652e-9
49.6	7.551164004705404e-9
49.8	7.426868630395305e-9
50.	7.3102317438761305e-9