30.	0.2797499078389339
29.8	0.28049815784768956
29.6	0.281258111084566
29.4	0.282030018699102
29.2	0.2828141366625444
29.	0.2836107294519141
28.8	0.28442006745080783
28.6	0.2852424302190325
28.4	0.28607810312268994
28.2	0.2869273810257082
28.	0.28779056493244454
27.8	0.288667966515609
27.6	0.28955990514095675
27.4	0.2904667090523461
27.2	0.2913887159773808
27.	0.29232627379296494
26.8	0.29327973974580884
26.6	0.29424948144313523
26.4	0.29523587787234107
26.2	0.2962393181885302
26.	0.29726020381735885
25.8	0.29829894743932495
25.6	0.2993559745439028
25.4	0.3004317229602476
25.2	0.30152664393340856
25.	0.3026412023019354
24.8	0.30377587722859806
24.6	0.3049311624888959
24.4	0.3061075670111994
24.2	0.3073056157575502
24.	0.30852584997898247
23.8	0.3097688278910608
23.6	0.3110351256115929
23.4	0.31232533732280066
23.2	0.31364007647803815
23.	0.3149799764289381
22.8	0.3163456907152955
22.6	0.3177378946929647
22.4	0.3191572856032079
22.2	0.3206045840988022
22.	0.3220805345218423
21.8	0.32358590654400476
21.6	0.3251214956180115
21.4	0.32668812441844397
21.2	0.32828664375362665
21.	0.32991793378380824
20.8	0.3315829052244377
20.6	0.3332825007531061
20.4	0.3350176961509051
20.2	0.33678950175238037
20.	0.33859896447666665
19.8	0.3404471681860443
19.6	0.3423352361250091
19.4	0.34426433400687373
19.2	0.34623566814181533
19.	0.3482504906718542
18.8	0.3503101005939191
18.6	0.35241584543844573
18.4	0.354569124873291
18.2	0.3567713896522764
18.	0.35902414792355636
17.8	0.3613289663704894
17.6	0.36368747258311385
17.4	0.36610135726732623
17.2	0.36857237940214677
17.	0.37110236734961605
16.8	0.3736932234797981
16.6	0.3763469271564083
16.4	0.3790655386128747
16.2	0.3818512027628399
16.	0.3847061537367464
15.8	0.38763271908153385
15.6	0.3906333242561098
15.4	0.3937104976319069
15.2	0.3968668759817636
15.	0.40010520943492683
14.8	0.40342836790719794
14.6	0.40683934647217884
14.4	0.410341272338151
14.2	0.4139374118407588
14.	0.41763117726211335
13.8	0.42142613371570453
13.6	0.42532600910659324
13.4	0.4293347005843074
13.2	0.43345628466464403
13.	0.4376950260901612
12.8	0.4420553878460353
12.6	0.44654204142194603
12.4	0.451159877432953
12.2	0.4559140177429064
12.	0.4608098261805134
11.8	0.4658529215606259
11.6	0.47104918995781075
11.4	0.47640479940015523
11.2	0.4819262113195156
11.	0.4876201947765927
10.8	0.4934938418013459
10.6	0.49955458003369296
10.4	0.5058101872027978
10.2	0.5122688043105607
10.	0.518938946871093
10.	0.5189389468666272
9.8	0.525829517930452
9.6	0.5329498165690921
9.4	0.5403095441663562
9.2	0.5479188082446623
9.	0.5557881204694972
8.8	0.5639283888317415
8.6	0.5723509007400792
8.4	0.5810672961334902
8.2	0.5900895254272176
8.	0.5994297890869092
7.8	0.6091004528905309
7.6	0.6191139313226722
7.4	0.6294825299281925
7.2	0.640218233473814
7.	0.6513324220804824
6.8	0.662835497725196
6.6	0.6747363772098139
6.4	0.6870418236391329
6.2	0.699755541593718
6.	0.7128769499090453
5.8	0.726399485174664
5.6	0.740308192679283
5.4	0.7545761534831491
5.2	0.7691588714630169
5.	0.7839851282285021
4.8	0.7989434887270128
4.6	0.8138700943957218
4.4	0.8285558840992816
4.2	0.842786939262412
4.	0.8563934883688122
30.	0.2797499078389339
30.2	0.27901311801698564
30.4	0.2782875506065381
30.6	0.27757297490848143
30.8	0.27686916479273826
31.	0.2761759018576925
31.2	0.2754929706159947
31.4	0.2748201634313954
31.6	0.2741572778358449
31.8	0.27350411345993625
32.	0.2728604789013076
32.2	0.272226185367222
32.4	0.27160104851908157
32.6	0.27098488892519323
32.8	0.27037753239186396
33.	0.26977880802406295
33.2	0.26918854901890743
33.4	0.26860659268618114
33.6	0.2680327809121837
33.8	0.26746695847838414
34.	0.2669089743416117
34.2	0.26635868091510384
34.4	0.265815934072082
34.6	0.2652805933101773
34.8	0.2647525201247245
35.	0.2642315814829558
35.2	0.2637176453746028
35.4	0.2632105841889191
35.6	0.26271027237407335
35.8	0.26221658785594854
36.	0.2617294107502697
36.2	0.2612486236936722
36.4	0.2607741135779589
36.6	0.2603057671423014
36.8	0.2598434765258364
37.	0.25938713465725954
37.2	0.2589366365489443
37.4	0.2584918799311615
37.6	0.2580527659002167
37.8	0.2576191958883761
38.	0.25719107399992724
38.2	0.2567683075610324
38.4	0.25635080449094433
38.6	0.25593847534878766
38.8	0.2555312323460222
39.	0.25512899019812707
39.2	0.25473166370595257
39.4	0.2543391718056009
39.6	0.25395143342087695
39.8	0.25356837001235627
40.	0.2531899041670126
40.2	0.2528159605089049
40.4	0.25244646478165106
40.6	0.25208134458012044
40.8	0.25172052892747343
41.	0.2513639482104196
41.2	0.2510115342473987
41.4	0.2506632201466216
41.6	0.25031894066943045
41.8	0.24997863161325415
42.	0.2496422301556943
42.2	0.2493096744186009
42.4	0.24898090436445228
42.6	0.24865586066213888
42.8	0.24833448530031127
43.	0.2480167214183717
43.2	0.24770251310246041
43.4	0.24739180582099637
43.6	0.24708454591000473
43.8	0.24678068050609742
44.	0.24648015830392744
44.2	0.2461829286640033
44.4	0.24588894174849918
44.6	0.24559814904386593
44.8	0.24531050265150933
45.	0.24502595568443133
45.2	0.24474446217215862
45.4	0.24446597699655656
45.6	0.24419045578677398
45.8	0.24391785511602077
46.	0.24364813223214254
46.2	0.24338124530734007
46.4	0.24311715314357063
46.6	0.2428558154330152
46.8	0.24259719250028405
47.	0.24234124541081903
47.2	0.24208793595585174
47.4	0.24183722659046294
47.6	0.24158908059769107
47.8	0.24134346139530272
48.	0.2411003339008788
48.2	0.24085966288769506
48.4	0.2406214141317112
48.6	0.24038555388278968
48.8	0.24015204919843064
49.	0.23992086733739776
49.2	0.2396919764607799
49.4	0.23946534511421708
49.6	0.23924094239706337
49.8	0.2390187381456461
50.	0.2387987023042401