2.5	0.3076957174024649
2.475	0.3072893371092215
2.45	0.30688259895028175
2.425	0.30647550002086277
2.4	0.30606803825489237
2.375	0.3056602104322737
2.3499999999999996	0.30525201453500833
2.3249999999999997	0.304843447683112
2.3000000000000003	0.30443450727091415
2.275	0.3040251903516562
2.25	0.30361549494897916
2.225	0.3032054174105314
2.2	0.3027949557230391
2.175	0.30238410662861864
2.15	0.30197286712940485
2.125	0.3015612344166347
2.1	0.3011492056382395
2.0749999999999997	0.3007367779121699
2.0500000000000003	0.30032394766824433
2.0250000000000004	0.2999107126815339
2.	0.299497068709424
1.975	0.29908301361577205
1.9500000000000002	0.2986685434513405
1.925	0.2982536552217378
1.9	0.2978383461351232
1.875	0.2974226115564505
1.85	0.2970064489272304
1.825	0.29658985495935786
1.7999999999999998	0.29617282566599834
1.775	0.29575535771726225
1.75	0.2953374472715747
1.7249999999999999	0.2949190910865965
1.6999999999999997	0.294500285076371
1.6749999999999998	0.29408102512913686
1.65	0.29366130747141395
1.625	0.29324112889671716
1.6	0.29282048535925265
1.575	0.29239937233216007
1.55	0.2919777854582094
1.525	0.29155572103393795
1.5	0.29113317513930465
1.475	0.2907101422151111
1.4500000000000002	0.2902866198724099
1.4250000000000003	0.2898626018345319
1.4000000000000001	0.28943808498663043
1.375	0.2890130635089062
1.35	0.28858753409951815
1.3250000000000002	0.2881614911361243
1.3	0.28773492993416017
1.275	0.28730784644016444
1.25	0.28688023457372047
1.225	0.2864520898990438
1.2	0.28602340706733576
1.1749999999999998	0.2855941816657001
1.15	0.28516440757016676
1.125	0.28473407963540254
1.0999999999999999	0.2843031929647677
1.0750000000000002	0.28387174141737537
1.05	0.28343971998472894
1.0250000000000001	0.2830071224298018
1.	0.28257394348099635
0.9750000000000001	0.2821401770771198
0.95	0.28170581728199395
0.925	0.28127085832702436
0.8999999999999999	0.28083529355048553
0.875	0.2803991175013965
0.8499999999999999	0.27996232323404613
0.825	0.2795249047492011
0.7999999999999998	0.2790868552839506
0.7750000000000001	0.27864816856447683
0.7500000000000001	0.27820883772208804
0.7250000000000001	0.2777688560235192
0.7000000000000001	0.2773282165323993
0.675	0.2768869124295078
0.65	0.2764449364322919
0.625	0.27600228203085175
0.6	0.2755589412248064
0.575	0.27511490685438433
0.5499999999999999	0.2746701715937314
0.5249999999999999	0.2742247278796554
0.4999999999999999	0.27377856815036916
0.47499999999999987	0.27333168448315526
0.4500000000000001	0.2728840691257025
0.4250000000000001	0.27243571405134637
0.4000000000000001	0.2719866115585926
0.37500000000000006	0.27153675322256016
0.35000000000000003	0.2710861309300203
0.325	0.2706347362900404
0.3	0.2701825611596932
0.27499999999999997	0.2697295970160215
0.24999999999999994	0.2692758349250801
0.22499999999999992	0.2688212667114355
0.1999999999999999	0.2683658834335453
0.17499999999999988	0.2679096763355332
0.15000000000000013	0.2674526366615055
0.1250000000000001	0.2669947553007983
0.10000000000000009	0.26653602329502246
0.07500000000000007	0.26607643171995676
0.050000000000000044	0.2656159712995873
0.025000000000000022	0.26515463281674306
0.	0.26469240710250513
2.5	0.3076957174024649
2.525	0.3081017418130007
2.55	0.30850741291584205
2.575	0.30891273308768386
2.6	0.30931770460014285
2.625	0.3097223303361999
2.6500000000000004	0.3101266118053283
2.6750000000000003	0.3105305516962542
2.7	0.3109341521811236
2.725	0.3113374154130101
2.75	0.31174034380559057
2.7750000000000004	0.31214293924743625
2.8000000000000003	0.3125452039187731
2.8249999999999997	0.3129471401891019
2.8500000000000005	0.3133487496519266
2.875	0.3137500347211549
2.9	0.31415099743141833
2.925	0.3145516395813366
2.9499999999999997	0.31495196345685356
2.9749999999999996	0.3153519707560679
3.	0.315751663348538
3.025	0.3161510436722444
3.05	0.3165501128155221
3.075	0.31694887355958296
3.1	0.3173473270399639
3.125	0.31774547533591585
3.15	0.3181433202911071
3.175	0.31854086358413103
3.2	0.31893810712021525
3.225	0.3193350525864063
3.25	0.31973170171997434
3.2750000000000004	0.3201280562010418
3.3000000000000003	0.32052411788148355
3.325	0.32091988813437883
3.35	0.32131536889230283
3.375	0.3217105616426381
3.3999999999999995	0.32210546810333157
3.4250000000000003	0.3225000897991102
3.4499999999999997	0.32289442840981136
3.4750000000000005	0.3232884854324939
3.5	0.32368226235548614
3.525	0.32407576100187874
3.55	0.32446898259813156
3.5749999999999997	0.32486192879292514
3.5999999999999996	0.3252546010176215
3.625	0.3256470007371183
3.65	0.32603912956518905
3.675	0.32643098878779897
3.7	0.32682257992683117
3.725	0.32721390444420584
3.75	0.32760496349173696
3.775	0.3279957587752966
3.8	0.3283862916236769
3.825	0.3287765631465811
3.85	0.3291665750016615
3.875	0.32955632850678607
3.9000000000000004	0.3299458246499781
3.925	0.3303350651298639
3.95	0.3307240513031807
3.9749999999999996	0.3311127841270022
4.	0.33150126494861226
4.0249999999999995	0.3318894951626703
4.050000000000001	0.33227747593577084
4.074999999999999	0.3326652085743261
4.1000000000000005	0.33305269423931033
4.125	0.3334399342430304
4.15	0.33382692968864097
4.175	0.33421368195047174
4.2	0.3346001919567331
4.225	0.3349864612422673
4.25	0.33537249061270685
4.275	0.3357582812709349
4.3	0.336143834902956
4.325	0.3365291519359683
4.35	0.33691423374155915
4.375	0.3372990815861987
4.4	0.33768369650192653
4.425	0.338068079290783
4.45	0.33845223140087377
4.475	0.3388361542312254
4.5	0.3392198477457686
4.525	0.3396033144876516
4.55	0.3399865544114633
4.575	0.3403695686443145
4.6	0.3407523585111127
4.625	0.34113492521365774
4.6499999999999995	0.34151726956940465
4.675000000000001	0.3418993924914906
4.699999999999999	0.34228129488967507
4.7250000000000005	0.34266297820289343
4.75	0.3430444428034263
4.775	0.34342569023495034
4.8	0.3438067212146536
4.825	0.34418753682279885
4.85	0.34456813782234696
4.875	0.3449485253199283
4.9	0.34532870015175526
4.925	0.3457086633396314
4.95	0.34608841574877364
4.975	0.34646795838716016
5.	0.3468472920315305
5.0249999999999995	0.34722641768121404
5.05	0.34760533619826967
5.075000000000001	0.34798404850580333
5.1	0.34836255543550965
5.125	0.3487408579333549
5.15	0.3491189568271858
5.175000000000001	0.3494968529540968
5.2	0.3498745472551189
5.225	0.3502520405049559
5.25	0.3506293335533546
5.275	0.3510064272756145
5.300000000000001	0.3513833224857113
5.324999999999999	0.3517600200634158
5.35	0.3521365207269242
5.375	0.35251282533324463
5.4	0.3528889347716204
5.425	0.3532648497723829
5.449999999999999	0.3536405710993378
5.475	0.3540160995273686
5.5	0.354391435936429
5.525	0.35476658111650466
5.549999999999999	0.3551415357602235
5.575	0.355516300649936
5.6000000000000005	0.355890876529167
5.625	0.35626526424176175
5.6499999999999995	0.35663946453501855
5.675	0.3570134780044782
5.700000000000001	0.3573873056216245
5.725	0.35776094791375157
5.75	0.35813440575768896
5.775	0.35850767974276676
5.800000000000001	0.3588807707374426
5.825	0.359253679370541
5.85	0.3596264064201565
5.875	0.3599989525463202
5.9	0.3603713184813533
5.925000000000001	0.3607435048514032
5.949999999999999	0.3611155123823239
5.975	0.36148734180806785
6.	0.36185899380438086
6.025	0.3622304689600522
6.05	0.3626017680847917
6.074999999999999	0.36297289179029574
6.1	0.36334384074327597
6.125	0.36371461557475426
6.15	0.3640852169648945
6.174999999999999	0.3644556455858745
6.2	0.364825902091605
6.2250000000000005	0.3651959870613304
6.25	0.36556590122562677
6.2749999999999995	0.36593564514540533
6.3	0.3663052194296749
6.325000000000001	0.3666746248351167
6.35	0.36704386200647515
6.375	0.3674129313288986
6.4	0.3677818335450242
6.425000000000001	0.36815056930138584
6.45	0.36851913926580815
6.475	0.36888754388616135
6.5	0.3692557839687586
6.525	0.36962385982130375
6.550000000000001	0.36999177226865804
6.574999999999999	0.37035952195813426
6.6	0.3707271092078431
6.625	0.3710945347483191
6.65	0.3714617991286434
6.675	0.37182890307349453
6.699999999999999	0.37219584689948054
6.725	0.3725626313798329
6.75	0.3729292571129116
6.775	0.37329572438219655
6.799999999999999	0.37366203394252745
6.825	0.37402818637459107
6.8500000000000005	0.37439418220700943
6.875	0.3747600220007909
6.8999999999999995	0.3751257061547297
6.925	0.3754912354110013
6.950000000000001	0.37585661015294264
6.975	0.37622183105406254
7.	0.37658689848663357
7.025	0.37695181312310067
7.050000000000001	0.37731657543868835
7.075	0.3776811860050185
7.1	0.37804564523245016
7.125	0.3784099536691596
7.15	0.3787741119427972
7.175000000000001	0.3791381203725549
7.199999999999999	0.37950197968514154
7.225	0.3798656902601885
7.25	0.3802292526506646
7.275	0.38059266707706796
7.3	0.3809559345811494
7.324999999999999	0.38131905513507197
7.35	0.3816820295253965
7.375	0.3820448581839545
7.4	0.3824075416774716
7.424999999999999	0.3827700802095649
7.45	0.38313247460553757
7.4750000000000005	0.3834947249943749
7.5	0.38385683214249433