45.	0.5169175941585273
44.8	0.5170312801788317
44.6	0.5171462815444774
44.4	0.5172626197789486
44.2	0.5173803165029215
44.	0.5174993937309493
43.8	0.5176198740333182
43.6	0.5177417805923186
43.4	0.5178651369307746
43.2	0.5179899668653994
43.	0.5181162951559243
42.8	0.518244146828287
42.6	0.5183735473958387
42.4	0.5185045230373817
42.2	0.5186371003717255
42.	0.5187713068025539
41.8	0.5189071701399601
41.6	0.5190447188573758
41.4	0.5191839820454359
41.2	0.5193249894619967
41.	0.5194677714768429
40.8	0.5196123591835342
40.6	0.5197587843283865
40.4	0.5199070794112102
40.2	0.5200572776198318
40.	0.5202094128109904
39.8	0.5203635199515098
39.6	0.5205196342241372
39.4	0.5206777922690928
39.2	0.5208380311664673
39.	0.5210003887497126
38.8	0.5211649041351928
38.6	0.5213316172046468
38.4	0.5215005684409302
38.2	0.5216717998767608
38.	0.521845353995587
37.8	0.5220212745158501
37.6	0.5221996063569482
37.4	0.522380395249625
37.2	0.5225636882387915
37.	0.5227495332169648
36.8	0.5229379797437423
36.6	0.5231290779249542
36.4	0.5233228798368781
36.2	0.5235194383294839
36.	0.5237188077619185
35.8	0.5239210436970879
35.6	0.5241262031685261
35.4	0.5243343450000821
35.2	0.5245455288386635
35.	0.5247598163878833
34.8	0.5249772708936615
34.6	0.525197956869047
34.4	0.5254219410546196
34.2	0.5256492910878412
34.	0.5258800774345144
33.8	0.5261143715578444
33.6	0.5263522473307854
33.4	0.5265937803260907
33.2	0.5268390483902606
33.	0.5270881308143782
32.8	0.5273411102017806
32.6	0.5275980699552516
32.4	0.5278590970820188
32.2	0.5281242803385587
32.	0.5283937108125273
31.8	0.5286674826606036
31.6	0.5289456920656926
31.4	0.5292284381002194
31.2	0.5295158230445847
31.	0.5298079516745293
30.8	0.5301049317889333
30.6	0.5304068744679573
30.4	0.5307138938157824
30.2	0.5310261073577419
30.	0.5313436360590773
29.8	0.5316666044128906
29.6	0.5319951406365824
29.4	0.5323293767280987
29.2	0.532669448656378
29.	0.5330154964775654
28.8	0.5333676644794427
28.6	0.5337261014299484
28.4	0.5340909605831591
28.2	0.5344623999044646
28.	0.5348405822562411
27.8	0.5352256757211566
27.6	0.5356178534904175
27.4	0.5360172943511938
27.2	0.5364241827005369
27.	0.5368387089170293
26.8	0.5372610693499021
26.6	0.5376914669299071
26.4	0.5381301110653502
26.2	0.5385772180248524
26.	0.5390330112900547
25.8	0.5394977217320073
25.6	0.5399715879403006
25.4	0.5404548565181814
25.2	0.5409477824278144
25.	0.5414506294090699
24.8	0.5419636700655274
24.6	0.5424871865059495
24.4	0.5430214707740578
24.2	0.5435668249105106
24.	0.5441235617736352
23.8	0.5446920051141341
23.6	0.5452724904437367
23.4	0.5458653651899583
23.2	0.5464709894106405
23.	0.5470897361954294
22.8	0.5477219924180762
22.6	0.5483681590801283
22.4	0.5490286522591152
22.2	0.5497039033731964
22.	0.5503943602519218
21.8	0.551100487670957
21.6	0.5518227681123625
21.4	0.5525617026640247
21.2	0.5533178117033581
21.	0.5540916359516157
20.8	0.5548837374056114
20.6	0.5556947001085446
20.4	0.5565251315327038
20.2	0.5573756633457805
20.	0.5582469527308129
19.8	0.5591396836261152
19.6	0.5600545679487744
19.4	0.5609923469027871
19.2	0.5619537923539356
19.	0.562939708664308
18.8	0.5639509339038606
18.6	0.5649883415827922
18.4	0.5660528426417405
18.2	0.5671453870743927
18.	0.5682669657519497
17.8	0.5694186132015757
17.6	0.5706014089961111
17.4	0.5718164805481285
17.2	0.573065005147593
17.	0.5743482130359431
16.8	0.5756673899608582
16.6	0.5770238797870147
16.4	0.5784190878697439
16.2	0.579854484171395
16.	0.581331606791981
15.8	0.5828520652096812
15.6	0.5844175444301865
15.4	0.5860298088703094
15.2	0.5876907065963697
15.	0.5894021738343223
14.8	0.5911662395259479
14.6	0.5929850306200676
14.4	0.5948607765511517
14.2	0.5967958162297602
14.	0.5987926018834415
13.8	0.6008537068465027
13.6	0.6029818307203049
13.4	0.605179806772122
13.2	0.6074506083994752
13.	0.609797357398689
12.8	0.6122233295268603
12.6	0.6147319641367748
12.4	0.6173268713443028
12.2	0.6200118406570055
12.	0.6227908488337179
11.8	0.625668068180363
11.6	0.6286478757712507
11.4	0.6317348603472825
11.2	0.6349338313712674
11.	0.6382498263615612
10.8	0.6416881150723133
10.6	0.6452542090426763
10.4	0.648953860048517
10.2	0.6527930640605865
10.	0.6567780624756656
45.	0.5169175941705868
45.2	0.5168052029545706
45.4	0.5166940860825816
45.6	0.5165842235634868
45.8	0.5164755957935022
46.	0.516368183699151
46.2	0.5162619681566519
46.4	0.5161569309082893
46.6	0.5160530538833797
46.8	0.5159503192958077
47.	0.5158487097967511
47.2	0.5157482081742661
47.4	0.5156487979451081
47.6	0.5155504623728433
47.8	0.515453185559507
48.	0.5153569516513421
48.2	0.5152617451872448
48.4	0.5151675510393114
48.6	0.5150743540412859
48.8	0.5149821397723396
49.	0.5148908937077583
49.2	0.5148006017428612
49.4	0.5147112501983648
49.6	0.5146228253630132
49.8	0.5145353140298915
50.	0.5144487028610548
50.2	0.5143629790870169
50.4	0.5142781302349464
50.6	0.5141941437767016
50.8	0.514111007440221
51.	0.5140287095692373
51.2	0.5139472380165436
51.4	0.5138665816563642
51.6	0.5137867288735954
51.8	0.5137076686244281
52.	0.5136293898747031
52.2	0.5135518820761027
52.4	0.5134751345582695
52.6	0.5133991369809192
52.8	0.513323879218348
53.	0.5132493510434347
53.2	0.5131755427238386
53.4	0.5131024446367339
53.6	0.513030047218284
53.8	0.5129583411324877
54.	0.5128873171876834
54.2	0.5128169663539055
54.4	0.512747279748618
54.6	0.5126782485891893
54.8	0.5126098643296609
55.	0.5125421185462702
55.2	0.5124750028915483
55.4	0.5124085092106714
55.6	0.5123426294748521
55.8	0.5122773557721377
56.	0.5122126803325305
56.2	0.5121485956061357
56.4	0.5120850938876489
56.6	0.5120221677805149
56.8	0.5119598101804274
57.	0.5118980138195417
57.2	0.5118367716965575
57.4	0.5117760768281123
57.6	0.5117159224140019
57.8	0.511656301717602
58.	0.5115972081943181
58.2	0.5115386351860887
58.4	0.5114805764256928
58.6	0.5114230255758738
58.8	0.5113659764141837
59.	0.5113094228498563
59.2	0.5112533588622298
59.4	0.5111977785144918
59.6	0.5111426760017252
59.8	0.5110880455485943
60.	0.5110338816313205
60.2	0.5109801784666552
60.4	0.5109269306390498
60.6	0.5108741328377117
60.8	0.5108217797045393
61.	0.5107698660814248
61.2	0.5107183865787606
61.4	0.5106673363221681
61.6	0.5106167102446243
61.8	0.5105665034215043
62.	0.5105167109989671
62.2	0.510467328159552
62.4	0.5104183502134781
62.6	0.5103697724900392
62.8	0.5103215904469983
63.	0.5102737995508511
63.2	0.5102263953541374
63.4	0.5101793734667588
63.6	0.5101327295779344
63.8	0.5100864594761354
64.	0.510040558853902
64.2	0.5099950236433903
64.4	0.5099498498263578
64.6	0.5099050333169748
64.8	0.5098605701234307
65.	0.5098164565197728
65.2	0.5097726883324285
65.4	0.5097292620062239
65.6	0.5096861737796331
65.8	0.5096434199399827
66.	0.509600996754581
66.2	0.5095589007542504
66.4	0.5095171283884037
66.6	0.5094756760894906
66.8	0.5094345405026668
67.	0.5093937181624886
67.2	0.509353205774902
67.4	0.5093130000117309
67.6	0.5092730976236616
67.8	0.5092334954021237
68.	0.5091941901383809
68.2	0.5091551787487475
68.4	0.5091164581498858
68.6	0.5090780252848325
68.8	0.5090398771286294
69.	0.5090020107196744
69.2	0.5089644231735537
69.4	0.508927111600233
69.6	0.5088900731036118
69.8	0.5088533049229529
70.	0.5088168042735346
70.2	0.5087805684215688
70.4	0.5087445946562815
70.6	0.5087088803792992
70.8	0.508673422785672
71.	0.508638219450551
71.2	0.5086032677708058
71.4	0.5085685651713758
71.6	0.5085341091948309
71.8	0.5084998973665557
72.	0.5084659272751662
72.2	0.5084321964525786
72.4	0.5083987025950272
72.6	0.5083654433445761
72.8	0.5083324164199633
73.	0.5082996193912961
73.2	0.5082670501764612
73.4	0.5082347064138669
73.6	0.5082025860411644
73.8	0.5081706868236004
74.	0.5081390065956213
74.2	0.5081075431936594
74.4	0.5080762947281486
74.6	0.50804525892365
74.8	0.5080144338043315
75.	0.5079838173647894
75.2	0.5079534076460113
75.4	0.507923202662518
75.6	0.507893200378381
75.8	0.5078633990100663
76.	0.5078337966183442
76.2	0.5078043913085476
76.4	0.5077751812615426
76.6	0.5077461646119336
76.8	0.5077173395724355
77.	0.5076887043764357
77.2	0.5076602572443892
77.4	0.5076319964812355
77.6	0.507603920226501
77.8	0.5075760269491828
78.	0.5075483148714375
78.2	0.5075207823211838
78.4	0.5074934277619346
78.6	0.5074662494477682
78.8	0.5074392458921269
79.	0.5074124153529951
79.2	0.5073857563867794
79.4	0.5073592674478306
79.6	0.5073329469679744
79.8	0.5073067934314553
80.	0.5072808053615925