45.	1.7367004300496898e-9
44.8	1.7673795352304408e-9
44.6	1.7984003877497077e-9
44.4	1.8297927197157883e-9
44.2	1.861547766359177e-9
44.	1.8935387337582608e-9
43.8	1.925941416358515e-9
43.6	1.9608088641607543e-9
43.4	1.9912553218776626e-9
43.2	2.024370562547839e-9
43.	2.057627016798773e-9
42.8	2.0910439768931326e-9
42.6	2.1246075288697852e-9
42.4	2.1582684215058255e-9
42.2	2.191993824736837e-9
42.	2.2257269060069523e-9
41.8	2.259439544733737e-9
41.6	2.293087951929503e-9
41.4	2.326554905229319e-9
41.2	2.3598727405372934e-9
41.	2.3929496638823795e-9
40.8	2.4256188400156775e-9
40.6	2.4562334598930906e-9
40.4	2.489690247754131e-9
40.2	2.5208931471761027e-9
40.	2.5514054491848265e-9
39.8	2.5811196667489273e-9
39.6	2.6099767814022587e-9
39.4	2.637893390927962e-9
39.2	2.664266147404963e-9
39.	2.689675400700913e-9
38.8	2.7137693792243663e-9
38.6	2.7357755343770684e-9
38.4	2.7562335978070677e-9
38.2	2.7745197910356534e-9
38.	2.7906650779882403e-9
37.8	2.8042960808513085e-9
37.6	2.815224156656781e-9
37.4	2.8232601353012516e-9
37.2	2.82790621462031e-9
37.	2.829212778356287e-9
36.8	2.826347145706633e-9
36.6	2.8193779995754033e-9
36.4	2.807672412863432e-9
36.2	2.790823414274836e-9
36.	2.7684339547756563e-9
35.8	2.7398983458691137e-9
35.6	2.7052332178929084e-9
35.4	2.6633498576496764e-9
35.2	2.6135345560239887e-9
35.	2.555462808562756e-9
34.8	2.4882845345379266e-9
34.6	2.411365618006997e-9
34.4	2.323673354944233e-9
34.2	2.2024355774989068e-9
34.	2.112786622562035e-9
33.8	1.9875884867807837e-9
33.6	1.8477463519425224e-9
33.4	1.6877167312733628e-9
33.2	1.5225622261784094e-9
33.	1.3280287058471235e-9
32.8	1.1167499329685616e-9
32.6	8.816621163065682e-10
32.4	6.276827741360273e-10
32.2	3.4524341311989726e-10
32.	3.728046612539617e-11
31.8	-3.010939096548553e-10
31.6	-6.711220943562134e-10
31.4	-1.0742412312923002e-9
31.2	-1.5175082980734268e-9
31.	-1.9924525417571006e-9
30.8	-2.5248064280071864e-9
30.6	-3.0933729658583057e-9
30.4	-3.720278220175626e-9
30.2	-4.3982850866896356e-9
30.	-5.135592871041295e-9
29.8	-5.937009169353186e-9
29.6	-6.807885461309133e-9
29.4	-7.75378948047259e-9
29.2	-8.777858628118406e-9
29.	-9.895654069866648e-9
28.8	-1.1113839444566456e-8
28.6	-1.2418689523241536e-8
28.4	-1.3843384925947935e-8
28.2	-1.538872385195755e-8
28.	-1.7064543898627376e-8
27.8	-1.8882924100526443e-8
27.6	-2.0853985958950862e-8
27.4	-2.298803973827666e-8
27.2	-2.5311045319687217e-8
27.	-2.782734726184797e-8
26.8	-3.0556865507833654e-8
26.6	-3.3515939229760656e-8
26.4	-3.672786906648781e-8
26.2	-4.0212762786521596e-8
26.	-4.3995510558305e-8
25.8	-4.810170823308149e-8
25.6	-5.2557093025308794e-8
25.4	-5.740125224933594e-8
25.2	-6.266185583693013e-8
25.	-6.837384663564882e-8
24.8	-7.458668749220422e-8
24.6	-8.133772122856884e-8
24.4	-8.868394900420683e-8
24.2	-9.667252809367748e-8
24.	-1.0536535657515492e-7
23.8	-1.1483013045503485e-7
23.6	-1.251575451441548e-7
23.4	-1.3639958496323907e-7
23.2	-1.48657862752997e-7
23.	-1.6203206580528624e-7
22.8	-1.7661336839666985e-7
22.6	-1.9254365165732585e-7
22.4	-2.099480951375393e-7
22.2	-2.2897387249851384e-7
22.	-2.497831581317751e-7
21.8	-2.725578593698295e-7
21.6	-2.9749810088127547e-7
21.4	-3.248291715094445e-7
21.2	-3.547969995886439e-7
21.	-3.8769232202661865e-7
20.8	-4.2380343825880536e-7
20.6	-4.634934500593247e-7
20.4	-5.071472933863187e-7
20.2	-5.551845789014953e-7
20.	-6.081663915229857e-7
19.8	-6.664786658891434e-7
19.6	-7.308750542178769e-7
19.4	-8.02022194833692e-7
19.2	-8.806702647563795e-7
19.	-9.677097750346312e-7
18.8	-1.0641406801434796e-6
18.6	-1.171067327480025e-6
18.4	-1.2897793323570713e-6
18.2	-1.4217029627277434e-6
18.	-1.5684965819938605e-6
17.8	-1.7319872648688644e-6
17.6	-1.914384991919857e-6
17.4	-2.1180214234528753e-6
17.2	-2.3457694402952513e-6
17.	-2.600711816071133e-6
16.8	-2.886581102552445e-6
16.6	-3.2075103074565686e-6
16.4	-3.56839248568216e-6
16.2	-3.9747783606617164e-6
16.	-4.4331325332806425e-6
15.8	-4.950899960011423e-6
15.6	-5.536742656139204e-6
15.4	-6.2007737218010914e-6
15.2	-6.954864893188838e-6
15.	-7.812553133308395e-6
14.8	-8.790000048118438e-6
14.6	-9.906023492884968e-6
14.4	-0.00001118281127523377
14.2	-0.000012646462254846431
14.	-0.000014327810523715066
13.8	-0.000016263409053789488
13.6	-0.0000184965887529981
13.4	-0.00002107890991500852
13.2	-0.000024071881879902132
13.	-0.000027549102026989172
12.8	-0.000031598574384347856
12.6	-0.000036326267249703274
12.4	-0.00004185998526416805
12.2	-0.00004835359859791941
12.	-0.00005599457077742049
11.8	-0.00006500736418671851
11.6	-0.00007566945250089833
11.4	-0.0000883163085646714
11.2	-0.00010335870951764919
11.	-0.00012129969284690255
10.8	-0.0001427568172165921
10.6	-0.00016848893994522048
10.4	-0.00019943108408976423
10.2	-0.00023673516064883805
10.	-0.0002818233372075136
45.	1.7367004300496898e-9
45.2	1.7062660478522796e-9
45.4	1.6762290600991724e-9
45.6	1.6467026093098246e-9
45.8	1.6174492441883502e-9
46.	1.5882929722516922e-9
46.2	1.5602539597084084e-9
46.4	1.5320593879688406e-9
46.6	1.5051157635808814e-9
46.8	1.477328641131641e-9
47.	1.450516707119338e-9
47.2	1.4241360022957368e-9
47.4	1.398178588979552e-9
47.6	1.3725463723079635e-9
47.8	1.3473876438409713e-9
48.	1.3225944463574627e-9
48.2	1.2982762718062451e-9
48.4	1.2743243349939376e-9
48.6	1.2507351173132565e-9
48.8	1.2275768640276238e-9
49.	1.2048054738456007e-9
49.2	1.1824487309587752e-9
49.4	1.1604234932135256e-9
49.6	1.1365694022867728e-9
49.8	1.1176627482885055e-9
50.	1.0970395018133576e-9
50.2	1.0763530613076459e-9
50.4	1.0562536208395773e-9
50.6	1.0397706809070868e-9
50.8	1.0162610441812665e-9
51.	9.986611238622984e-10
51.2	9.793845350932628e-10
51.4	9.611455101281662e-10
51.6	9.431356072094814e-10
51.8	9.255009998238306e-10
52.	9.081905425341197e-10
52.2	8.911881969998239e-10
52.4	8.742795919073997e-10
52.6	8.57987488786516e-10
52.8	8.418666062419367e-10
53.	8.263235861205732e-10
53.2	8.223198188181957e-10
53.4	7.957042729157443e-10
53.6	7.775822670135146e-10
53.8	7.662370148818865e-10
54.	7.519273557125723e-10
54.2	7.377276503523178e-10
54.4	7.240509525856903e-10
54.6	7.106474884436218e-10
54.8	6.974084557601401e-10
55.	6.844453201496481e-10
55.2	6.716962924073183e-10
55.4	6.592008877191353e-10
55.6	6.463225245543644e-10
55.8	6.344312521010534e-10
56.	6.350366360447796e-10
56.2	6.1162669403321e-10
56.4	6.007532302907274e-10
56.6	5.89205828723396e-10
56.8	5.791870131179857e-10
57.	5.640758970646319e-10
57.2	5.571953208723774e-10
57.4	5.498436014651398e-10
57.6	5.368638073368875e-10
57.8	5.270250058324504e-10
58.	5.173259072911443e-10
58.2	5.07821572757271e-10
58.4	4.985173497715416e-10
58.6	4.89220560895679e-10
58.8	4.804698044498479e-10
59.	4.717327395976651e-10
59.2	4.648403349132444e-10
59.4	4.5464817657979887e-10
59.6	4.4637884320603627e-10
59.8	4.3828818554865073e-10
60.	4.303323561645357e-10
60.2	4.22554698067791e-10
60.4	4.148893109998965e-10
60.6	4.07404344134101e-10
60.8	4.152672034192812e-10
61.	3.926502280785118e-10
61.2	3.857463534416769e-10
61.4	3.78825300602796e-10
61.6	3.7201309418697087e-10
61.8	3.6534419019863264e-10
62.	3.5881510703116486e-10
62.2	3.5240286432927324e-10
62.4	3.4610168292082377e-10
62.6	3.3993805692411365e-10
62.8	3.3388687810220555e-10
63.	3.2794495818293656e-10
63.2	3.221412438532392e-10
63.4	3.163397921593079e-10
63.6	3.1211270628138846e-10
63.8	3.0533250789521456e-10
64.	2.9994142385137115e-10
64.2	2.946807562951514e-10
64.4	2.8943313671086894e-10
64.6	2.842182066270407e-10
64.8	2.78798193493191e-10
65.	2.745211400404903e-10
65.2	2.6969581106866706e-10
65.4	2.6498855558260187e-10
65.6	2.6037326807680026e-10
65.8	2.5584334160789927e-10
66.	2.5139599358776217e-10
66.2	2.47025202200781e-10
66.4	2.4274656108126247e-10
66.6	2.3855036095259807e-10
66.8	2.344259405960287e-10
67.	2.3038270914558026e-10
67.2	2.26414681552081e-10
67.4	2.2251851325200482e-10
67.6	2.1869161598947498e-10
67.8	2.1508852528792702e-10
68.	2.1126317720189751e-10
68.2	2.076598651161383e-10
68.4	2.0000412238793685e-10
68.6	2.0063296158318847e-10
68.8	1.972235469627638e-10
69.	1.9387319718498292e-10
69.2	1.9058195796071115e-10
69.4	1.8735946135746957e-10
69.6	1.841373143191013e-10
69.8	1.8192660155647754e-10
70.	1.7803074528524288e-10
70.2	1.750385376719328e-10
70.4	1.7209639365001697e-10
70.6	1.6920904937661385e-10
70.8	1.6637849683705662e-10
71.	1.6359339430751714e-10
71.2	1.608583801037596e-10
71.4	1.5818274891019077e-10
71.6	1.555527775496427e-10
71.8	1.5296672769089267e-10
72.	1.5042779435307855e-10
72.2	1.4793567309942236e-10
72.4	1.454861860812429e-10
72.6	1.43088010293427e-10
72.8	1.4072786924132893e-10
73.	1.3841113107581553e-10
73.2	1.3616646184300357e-10
73.4	1.3390472482460882e-10
73.6	1.3170821050329555e-10
73.8	1.2955830005850216e-10
74.	1.2743967490365295e-10
74.2	1.2536208059218026e-10
74.4	1.233205334709147e-10
74.6	1.2144880975916492e-10
74.8	1.1935264553198857e-10
75.	1.1636362440054754e-10
75.2	1.1551904860477016e-10
75.4	1.1365576085636055e-10
75.6	1.1181763865973686e-10
75.8	1.1002083741684456e-10
76.	1.0825239671231937e-10
76.2	1.089680905532207e-10
76.4	1.0481050864229364e-10
76.6	1.037428837593713e-10
76.8	1.0148568952284005e-10
77.	9.986556606629391e-11
77.2	9.827589178859433e-11
77.4	9.6716188928812e-11
77.6	9.517852783335961e-11
77.8	9.368582220132772e-11
78.	9.219083195815774e-11
78.2	9.024594374106863e-11
78.4	8.648989954943887e-11
78.6	8.645374405258334e-11
78.8	8.651125090763038e-11
79.	8.515879733170577e-11
79.2	8.414965259304778e-11
79.4	8.250833153943022e-11
79.6	7.555833567326366e-11
79.8	7.995113404200312e-11
80.	7.87199044666473e-11