1.6666666666666667	0.38110403035541623
1.6500000000000001	0.38065345498700137
1.6333333333333333	0.38020238235568515
1.6166666666666667	0.3797508079696937
1.6	0.3792987276644394
1.5833333333333333	0.3788461369584582
1.5666666666666667	0.378393031717347
1.55	0.3779394071298004
1.5333333333333334	0.37748525887676065
1.5166666666666668	0.37703058223564756
1.5	0.3765753725139739
1.4833333333333334	0.37611962490164524
1.4666666666666668	0.3756633345459808
1.45	0.37520649641678466
1.4333333333333333	0.37474910554902785
1.4166666666666667	0.3742911568941017
1.4	0.373832645144085
1.3833333333333333	0.3733735649850786
1.366666666666667	0.37291391107953703
1.35	0.3724536775823547
1.3333333333333335	0.37199285911774843
1.3166666666666669	0.3715314498874176
1.3	0.3710694437219582
1.2833333333333334	0.37060683523575144
1.2666666666666668	0.37014361791893613
1.25	0.3696797855295772
1.2333333333333334	0.3692153319885963
1.2166666666666668	0.3687502509592997
1.2	0.36828453511398246
1.1833333333333333	0.3678181777463842
1.1666666666666667	0.36735117285971836
1.15	0.36688351271610437
1.1333333333333333	0.36641519012636414
1.1166666666666667	0.36594619780571397
1.0999999999999999	0.36547652813739184
1.0833333333333335	0.3650061737723566
1.0666666666666667	0.36453512645623753
1.05	0.36406337831978103
1.0333333333333334	0.3635909213814923
1.0166666666666666	0.3631177470498461
1.	0.362643846588581
0.9833333333333335	0.3621692116252498
0.9666666666666668	0.36169383301450636
0.9500000000000002	0.36121770161530603
0.9333333333333335	0.3607408081204663
0.9166666666666667	0.36026314293729367
0.9000000000000001	0.3597846963857897
0.8833333333333334	0.359305458387515
0.8666666666666667	0.3588254187531569
0.8500000000000001	0.358344567297477
0.8333333333333334	0.35786289277400024
0.8166666666666667	0.3573803846929437
0.8	0.3568970318256874
0.7833333333333333	0.35641282248329154
0.7666666666666666	0.35592774517444364
0.75	0.3554417877403397
0.7333333333333333	0.35495493817008333
0.7166666666666668	0.3544671837204484
0.7000000000000001	0.35397851167421973
0.6833333333333335	0.3534889088938255
0.6666666666666667	0.35299836196212764
0.65	0.35250685721440983
0.6333333333333334	0.352014380587486
0.6166666666666667	0.3515209177780528
0.6	0.35102645411217664
0.5833333333333334	0.35053097460891536
0.5666666666666667	0.35003446400048355
0.5499999999999999	0.3495369066057373
0.5333333333333333	0.34903828647925417
0.5166666666666668	0.3485385873000141
0.5000000000000001	0.3480377924101019
0.4833333333333334	0.3475358848123536
0.46666666666666673	0.3470328471603663
0.45000000000000007	0.3465286617503809
0.43333333333333335	0.346023310539122
0.4166666666666667	0.34551677513865164
0.4	0.3450090368147553
0.3833333333333333	0.34450007646547404
0.36666666666666664	0.34398987465686154
0.35	0.34347841165731047
0.33333333333333326	0.3429656673023214
0.3166666666666666	0.3424516212069086
0.3000000000000001	0.34193625259575783
0.28333333333333344	0.34141954043222617
0.2666666666666667	0.3409014633091524
0.25000000000000006	0.34038199959314325
0.23333333333333336	0.3398611273432532
0.21666666666666667	0.3393388243854668
0.2	0.3388150682470506
0.18333333333333332	0.3382898362724687
0.16666666666666663	0.33776310562248946
0.14999999999999997	0.33723485324290803
0.13333333333333328	0.336705055881733
0.11666666666666659	0.3361736902613525
0.10000000000000009	0.33564073293089086
0.08333333333333341	0.3351061603893447
0.06666666666666674	0.33456994910184495
0.050000000000000044	0.3340320755717593
0.03333333333333337	0.33349251633958965
0.016666666666666684	0.33295124800207093
0.	0.3324082472771874
1.6666666666666667	0.38110403035541623
1.6833333333333333	0.381554112404528
1.7000000000000002	0.38200370517962956
1.7166666666666668	0.38245281278698257
1.7333333333333334	0.38290143922487624
1.7500000000000002	0.38334958813364994
1.7666666666666668	0.38379726367669736
1.7833333333333334	0.38424446949864083
1.8000000000000003	0.3846912093493117
1.8166666666666669	0.3851374870410313
1.8333333333333335	0.38558330595276175
1.8500000000000003	0.3860286698493788
1.866666666666667	0.386473582204619
1.8833333333333333	0.3869180465846402
1.9000000000000004	0.38736206628053266
1.9166666666666665	0.38780564482219043
1.9333333333333333	0.38824878529587276
1.95	0.38869149138620707
1.9666666666666666	0.38913376597243726
1.9833333333333334	0.38957561241903965
2.	0.3900170339212997
2.0166666666666666	0.39045803359509695
2.033333333333333	0.3908986145497292
2.0500000000000003	0.3913387797279952
2.066666666666667	0.3917785323036898
2.0833333333333335	0.39221787499333605
2.1	0.3926568109290574
2.1166666666666667	0.3930953429398879
2.1333333333333333	0.39353347395653804
2.1500000000000004	0.3939712065992958
2.166666666666667	0.3944085438301011
2.1833333333333336	0.39484548836343164
2.2	0.395282042909876
2.216666666666667	0.3957182101856904
2.2333333333333334	0.3961539927427714
2.2500000000000004	0.3965893934472917
2.2666666666666666	0.39702441453116416
2.2833333333333337	0.39745905871622145
2.3	0.39789332869753746
2.316666666666667	0.39832722671649906
2.3333333333333335	0.398760755241783
2.35	0.39919391720264813
2.3666666666666667	0.3996267145142021
2.3833333333333333	0.4000591495881497
2.4	0.40049122488316785
2.4166666666666665	0.4009229425998434
2.4333333333333336	0.40135430540065997
2.45	0.40178531529212413
2.466666666666667	0.40221597440165835
2.4833333333333334	0.4026462853933723
2.5	0.403076250099368
2.5166666666666666	0.40350587064625526
2.5333333333333337	0.4039351496788046
2.5500000000000003	0.40436408885281067
2.566666666666667	0.40479269044027516
2.5833333333333335	0.40522095650976236
2.6	0.4056488891832328
2.6166666666666667	0.4060764904436649
2.6333333333333337	0.4065037623858423
2.65	0.40693070686836363
2.666666666666667	0.40735732602784624
2.683333333333333	0.4077836217188877
2.7	0.40820959593060513
2.716666666666667	0.4086352505852229
2.733333333333334	0.4090605875490191
2.75	0.40948560875466045
2.766666666666667	0.4099103158201223
2.783333333333333	0.41033471106878094
2.8000000000000003	0.41075879600067744
2.816666666666667	0.4111825724718976
2.8333333333333335	0.4116060422001969
2.85	0.4120292068059617
2.8666666666666667	0.4124520686835034
2.8833333333333333	0.41287462899218524
2.9	0.4132968894545741
2.916666666666667	0.4137188520610393
2.9333333333333336	0.41414051821535186
2.95	0.414561889803003
2.966666666666667	0.41498296838208926
2.9833333333333334	0.4154037555511989
3.	0.4158242529678915
3.016666666666667	0.4162444621959676
3.033333333333333	0.41666438495277897
3.0500000000000003	0.41708402270253486
3.0666666666666664	0.4175033769932067
3.0833333333333335	0.4179224494518974
3.1	0.41834124145664536
3.116666666666667	0.41875975472292776
3.1333333333333333	0.41917799059932054
3.1500000000000004	0.4195959506648921
3.1666666666666665	0.42001363631656036
3.1833333333333336	0.42043104902010164
3.2	0.42084819036451865
3.2166666666666672	0.4212650614127277
3.2333333333333334	0.4216816640897198
3.25	0.42209799939682613
3.2666666666666666	0.422514069435097
3.283333333333333	0.4229298742894872
3.3000000000000003	0.42334541674991805
3.316666666666667	0.4237606969900977
3.3333333333333335	0.424175717175782
3.3499999999999996	0.42459047828501517
3.3666666666666667	0.42500498160910744
3.3833333333333337	0.4254192287379
3.4000000000000004	0.4258332206352101
3.4166666666666665	0.42624695873703544
3.4333333333333336	0.4266604445150886
3.4500000000000006	0.4270736790810685
3.466666666666667	0.4274866634062212
3.4833333333333334	0.4278993991905616
3.5000000000000004	0.4283118873667027
3.5166666666666675	0.4287241292964612
3.5333333333333337	0.4291361261207855
3.55	0.42954787919089876
3.5666666666666664	0.4299593894725076
3.5833333333333335	0.4303706583431921
3.6000000000000005	0.4307816868308057
3.6166666666666667	0.4311924764094225
3.633333333333333	0.43160302773106674
3.65	0.4320133421172795
3.666666666666667	0.4324234210520871
3.6833333333333336	0.432833265173587
3.6999999999999997	0.4332428761056966
3.716666666666667	0.4336522544605716
3.733333333333334	0.43406140154970174
3.75	0.43447031877802367
3.7666666666666666	0.4348790067610019
3.7833333333333337	0.43528746679677927
3.8000000000000007	0.4356956995521403
3.816666666666667	0.43610370667324716
3.833333333333333	0.4365114886678564
3.85	0.43691904713296903
3.866666666666667	0.4373263827103135
3.8833333333333337	0.4377334965613025
3.9	0.4381403897055427
3.916666666666667	0.4385470631970761
3.933333333333334	0.43895351789981274
3.95	0.4393597547243214
3.966666666666667	0.43976577493275937
3.983333333333333	0.44017157926630235
4.	0.44057716925263724
4.0166666666666675	0.4409825447306806
4.033333333333333	0.4413877075537499
4.05	0.4417926584674019
4.066666666666666	0.4421973984380189
4.083333333333334	0.44260192833686346
4.1000000000000005	0.4430062488838242
4.116666666666666	0.4434103614728776
4.133333333333334	0.44381426684849334
4.15	0.44421796538983793
4.166666666666667	0.4446214585345515
4.183333333333334	0.4450247473470127
4.2	0.44542783221001797
4.216666666666668	0.4458307142611738
4.233333333333333	0.44623339410999624
4.25	0.4466358732257431
4.266666666666667	0.44703815188662005
4.283333333333334	0.4474402311473766
4.300000000000001	0.44784211182752187
4.316666666666666	0.44824379485924065
4.333333333333334	0.4486452811240124
4.3500000000000005	0.449046571012975
4.366666666666667	0.4494476661102514
4.383333333333334	0.44984856651013644
4.3999999999999995	0.45024927339018767
4.416666666666667	0.4506497874532235
4.433333333333334	0.45105010950459323
4.45	0.4514502404147061
4.466666666666667	0.4518501808957951
4.483333333333333	0.4522499316780595
4.500000000000001	0.45264949379553865
4.516666666666667	0.4530488678276132
4.533333333333333	0.4534480545063865
4.55	0.45384705455583096
4.566666666666667	0.45424586866805167
4.583333333333334	0.4546444980655431
4.6	0.4550429432551683
4.616666666666667	0.4554412046507963
4.633333333333334	0.45583928334665447
4.65	0.4562371798903753
4.666666666666667	0.45663489522128664
4.683333333333334	0.45703242978806313
4.700000000000001	0.4574297845158614
4.716666666666667	0.4578269599786923
4.733333333333333	0.4582239569953445
4.75	0.4586207761446836
4.7666666666666675	0.4590174182353328
4.783333333333334	0.4594138838240206
4.8	0.4598101738498264
4.816666666666666	0.4602062889686401
4.833333333333333	0.4606022294221069
4.8500000000000005	0.46099799660274804
4.866666666666667	0.46139359058883644
4.883333333333333	0.4617890121749696
4.9	0.4621842621203056
4.916666666666667	0.46257934101333964
4.933333333333334	0.46297424959054856
4.95	0.46336898845552904
4.966666666666667	0.46376355821500226
4.983333333333334	0.46415795957222034
5.	0.46455219308829165