0.5	0.12727755063847151
0.495	0.12706074328126152
0.49	0.12684379736243645
0.485	0.12662671236854145
0.48	0.126409487585883
0.475	0.12619212249650957
0.47	0.12597461656395317
0.46499999999999997	0.1257569690751657
0.46	0.12553917958610805
0.455	0.12532124735891215
0.45	0.1251031717848356
0.445	0.12488495231286659
0.44	0.12466658828434926
0.435	0.12444807904210677
0.43	0.12422942398821543
0.425	0.12401062241421787
0.42	0.1237916737993165
0.415	0.12357257735591654
0.41000000000000003	0.12335333257021783
0.405	0.12313393857077341
0.4	0.12291439486859443
0.395	0.12269470077810812
0.39	0.12247485546237058
0.385	0.1222548584582732
0.38	0.12203470888094388
0.375	0.1218144061849311
0.37	0.12159394955924474
0.365	0.12137333831859601
0.36	0.12115257170745208
0.355	0.12093164914471922
0.35	0.120710569763619
0.345	0.12048933278765897
0.33999999999999997	0.12026793758825478
0.33499999999999996	0.1200463834639417
0.32999999999999996	0.11982466943755887
0.325	0.11960279480195672
0.32	0.11938075896991583
0.315	0.11915856102429317
0.31	0.1189362001448282
0.305	0.11871367564365226
0.3	0.1184909865852889
0.29500000000000004	0.11826813226198844
0.29000000000000004	0.11804511189953883
0.28500000000000003	0.11782192448479593
0.28	0.11759856927602108
0.275	0.11737504553274922
0.27	0.1171513522460318
0.265	0.11692748866445254
0.26	0.11670345387871384
0.255	0.11647924699109104
0.25	0.11625486716800215
0.245	0.11603031348554617
0.24	0.11580558515103652
0.235	0.11558068092218458
0.22999999999999998	0.11535560020362409
0.22499999999999998	0.11513034202826324
0.21999999999999997	0.11490490533821505
0.21500000000000002	0.11467928930089127
0.21000000000000002	0.11445349277064913
0.20500000000000002	0.11422751501767521
0.2	0.11400135485298041
0.195	0.11377501141894479
0.19	0.11354848367775044
0.185	0.1133217705703264
0.18	0.11309487115935489
0.175	0.11286778433356565
0.16999999999999998	0.11264050909912111
0.16499999999999998	0.11241304457268497
0.15999999999999998	0.11218538914452457
0.15500000000000003	0.11195754276193316
0.15000000000000002	0.11172950280017997
0.14500000000000002	0.11150126932977165
0.14	0.11127284166925133
0.135	0.11104421699840865
0.13	0.1108153950494466
0.125	0.11058637515067508
0.12	0.11035715509785003
0.11499999999999999	0.1101277346267693
0.10999999999999999	0.10989811255428353
0.10499999999999998	0.10966828703612222
0.09999999999999998	0.1094382581735554
0.09499999999999997	0.10920802284300467
0.09000000000000002	0.10897758039641033
0.08500000000000002	0.10874693023562079
0.08000000000000002	0.1085160699195441
0.07500000000000001	0.1082849998729224
0.07	0.10805371754073344
0.065	0.10782222158754347
0.06	0.10759051111847882
0.05499999999999999	0.10735858483149015
0.04999999999999999	0.10712644110636185
0.044999999999999984	0.10689407778266609
0.03999999999999998	0.10666149480542417
0.034999999999999976	0.10642869005686766
0.030000000000000027	0.10619566222130987
0.025000000000000022	0.10596240964032486
0.020000000000000018	0.10572893107742919
0.015000000000000013	0.1054952248328386
0.010000000000000009	0.10526128940461477
0.0050000000000000044	0.10502712324391512
0.	0.10479272450285126
0.5	0.12727755063847151
0.505	0.12749422003202474
0.51	0.12771075198658832
0.515	0.12792714709903855
0.52	0.1281434058971803
0.525	0.1283595290131499
0.53	0.12857551696257385
0.535	0.1287913702140269
0.54	0.12900708943110945
0.545	0.12922267506834736
0.55	0.12943812770362406
0.555	0.12965344770487608
0.56	0.12986863598962076
0.565	0.1300836927349457
0.5700000000000001	0.13029861846275903
0.575	0.13051341386832124
0.58	0.13072807937565478
0.585	0.13094261529314985
0.59	0.13115702261518586
0.595	0.1313713013475584
0.6	0.1315854521692231
0.605	0.13179947561807084
0.61	0.13201337201369936
0.615	0.1322271420603545
0.62	0.13244078603969162
0.625	0.13265430462218916
0.63	0.13286769816100275
0.635	0.1330809670365452
0.64	0.13329411190288964
0.645	0.13350713315852714
0.65	0.1337200310569359
0.655	0.13393280626849122
0.66	0.13414545935343816
0.665	0.13435799037899832
0.67	0.134570400090366
0.675	0.13478268889774847
0.6799999999999999	0.13499485713233353
0.685	0.13520690526972792
0.69	0.1354188337254598
0.6950000000000001	0.13563064300433195
0.7	0.13584233354158098
0.705	0.1360539055603624
0.71	0.1362653595866518
0.715	0.1364766961062641
0.72	0.13668791545743741
0.725	0.13689901823146428
0.73	0.1371100045066946
0.735	0.13732087484220817
0.74	0.13753162974206024
0.745	0.13774226944677556
0.75	0.13795279436854233
0.755	0.1381632049925971
0.76	0.13837350167915005
0.765	0.13858368471569094
0.77	0.13879375464099167
0.775	0.1390037116023099
0.78	0.13921355613651795
0.7849999999999999	0.13942328878596932
0.79	0.13963290986571641
0.7949999999999999	0.13984241950241041
0.8	0.14005181821238563
0.8049999999999999	0.14026110626746402
0.81	0.1404702842565084
0.815	0.14067935222424446
0.8200000000000001	0.1408883106595117
0.825	0.14109716002445222
0.8300000000000001	0.1413059006758286
0.835	0.14151453279829945
0.8400000000000001	0.14172305709946723
0.845	0.14193147341968138
0.85	0.14213978239450145
0.855	0.14234798408444543
0.86	0.14255607937312062
0.865	0.14276406817815068
0.87	0.1429719508139199
0.875	0.14317972812935414
0.88	0.1433873998722583
0.885	0.14359496630107033
0.89	0.14380242847790384
0.895	0.14400978606163
0.9	0.14421703913276337
0.905	0.14442418923259795
0.9099999999999999	0.1446312355109386
0.915	0.14483817854617978
0.9199999999999999	0.14504501901212424
0.925	0.14525175714386748
0.9299999999999999	0.1454583931878044
0.935	0.14566492720920587
0.94	0.14587135960964503
0.9450000000000001	0.14607769051593925
0.95	0.14628392100242885
0.9550000000000001	0.1464900507666612
0.96	0.14669608004410023
0.9650000000000001	0.1469020093975857
0.97	0.14710783902579894
0.975	0.14731356893289357
0.98	0.14751919963867538
0.985	0.1477247320882894
0.99	0.14793016611313134
0.995	0.14813550109224993
1.	0.14834073878481116