# pos     time      freq       fta
   24     12.484  0.0801051  1.992e-03
   40     20.473  0.0488446  1.605e-03
   58     29.461  0.0339429  9.471e-04
   74     37.451  0.0267017  3.557e-04
   93     46.938  0.0213046  8.625e-05
  111     55.926  0.0178806  2.290e-05
  126     63.417  0.0157687  6.068e-06
  144     72.405  0.0138112  1.005e-06
  155     77.898  0.0128374  3.713e-07
  166     83.390  0.0119918  2.733e-07
  173     86.886  0.0115094  2.596e-07
 2227   1112.538  0.0008988  2.596e-07
 2234   1116.033  0.0008960  2.733e-07
 2245   1121.526  0.0008916  3.713e-07
 2256   1127.019  0.0008873  1.005e-06
 2274   1136.007  0.0008803  6.068e-06
 2289   1143.497  0.0008745  2.290e-05
 2307   1152.485  0.0008677  8.625e-05
 2326   1161.973  0.0008606  3.557e-04
 2342   1169.962  0.0008547  9.471e-04
 2360   1178.951  0.0008482  1.605e-03
 2376   1186.940  0.0008425  1.992e-03
