30.	0.21839422007508988
29.8	0.21941369761718724
29.6	0.22044756940679516
29.4	0.22149611853029869
29.2	0.2225596333105774
29.	0.22363841095063966
28.8	0.22473275493920666
28.6	0.22584297796985325
28.4	0.2269693997412704
28.2	0.22811234950963735
28.	0.229272163732923
27.8	0.23044918931819108
27.6	0.23164378122121207
27.4	0.2328563041203872
27.2	0.23408713316758803
27.	0.23533665371480691
26.8	0.23660526057143386
26.6	0.23789336036637143
26.4	0.23920137082933873
26.2	0.24052972095272385
26.	0.24187885241132698
25.8	0.2432492188961714
25.6	0.24464128696814383
25.4	0.24605553687264572
25.2	0.24749246236083977
25.	0.24895257173852106
24.8	0.2504363882874809
24.6	0.2519444502584324
24.4	0.2534773121889199
24.2	0.2550355449829496
24.	0.25661973705271085
23.8	0.2582304941007801
23.6	0.25986844064301245
23.4	0.26153422030830453
23.2	0.26322849642032037
23.	0.26495195333077376
22.8	0.26670529659657166
22.6	0.26848925416235675
22.4	0.2703045770976094
22.2	0.27215204030843576
22.	0.2740324448048642
21.8	0.27594661675198146
21.6	0.2778954088585282
21.4	0.27987970327542416
21.2	0.28190041174981506
21.	0.2839584747913801
20.8	0.28605486642478245
20.6	0.28819059336438513
20.4	0.2903666964620723
20.2	0.2925842547353079
20.	0.29484438164541077
19.8	0.2971482321425768
19.6	0.29949700158086706
19.4	0.301891928090764
19.2	0.30433429409479446
19.	0.3068254297829883
18.8	0.30936671377980396
18.6	0.311959574206972
18.4	0.31460549420441597
18.2	0.31730601201982744
18.	0.32006272448213413
17.8	0.322877289385583
17.6	0.3257514284327429
17.4	0.32868693042603925
17.2	0.3316856542705892
17.	0.3347495327613479
16.8	0.33788057536474847
16.6	0.34108087283579847
16.4	0.34435260090051595
16.2	0.34769802397753125
16.	0.3511195005632977
15.8	0.35461948726327325
15.6	0.3582005441700982
15.4	0.36186533959653644
15.2	0.3656166562695699
15.	0.3694573970590059
14.8	0.3733905907984155
14.6	0.3774193993436183
14.4	0.38154712495175164
14.2	0.3857772167217058
14.	0.39011327919406
13.8	0.394559080135287
13.6	0.399118559782512
13.4	0.40379584016191444
13.2	0.4085952342771771
13.	0.413521257198018
12.8	0.4185786364539974
12.6	0.4237723240670218
12.4	0.4291075087490377
12.2	0.4345896275452075
12.	0.4402243811583408
11.8	0.4460177465725428
11.6	0.45197599299113944
11.4	0.4581056958001388
11.2	0.4644137531104889
11.	0.4709074033855878
10.8	0.4775942404823536
10.6	0.48448223327087414
10.4	0.49157973929670534
10.2	0.4988955281921677
10.	0.5064387922189788
10.	0.5064387923735935
9.8	0.5142191672792024
9.6	0.5222467462393733
9.4	0.5305320931272194
9.2	0.5390862533106446
9.	0.547920759352678
8.8	0.5570476354556446
8.6	0.5664793894453716
8.4	0.5762289989493922
8.2	0.5863098849299978
8.	0.5967358643699678
7.8	0.6075210900571356
7.6	0.6186799511341398
7.4	0.6302269441111561
7.2	0.6421764875348733
7.	0.6545426767125694
6.8	0.6673389446126231
6.6	0.6805776019540809
6.4	0.6942692232305696
6.2	0.7084217988436475
6.	0.723039573452082
5.8	0.738121435611011
5.6	0.7536586493753163
5.4	0.7696316370513505
5.2	0.7860053985293487
5.	0.8027231649187625
4.8	0.8196982266895945
4.6	0.8368053562780771
4.4	0.85387641741994
4.2	0.8707082547761362
4.	0.887087924405815
30.	0.21839422007508988
30.2	0.21738886209118047
30.4	0.21639735504837038
30.6	0.21541943786889559
30.8	0.21445485445286588
31.	0.21350335532450246
31.2	0.21256469766791297
31.4	0.21163864328329096
31.6	0.210724960472862
31.8	0.20982342266942214
32.	0.20893380891786506
32.2	0.2080559024591212
32.4	0.20718949316729585
32.6	0.20633437432428844
32.8	0.20549034472389502
33.	0.20465720741875162
33.2	0.20383476937456294
33.4	0.2030228433722526
33.6	0.20222124560796426
33.8	0.201429795235542
34.	0.2006483175533078
34.2	0.19987664041465655
34.4	0.19911459567835255
34.6	0.19836201898441028
34.8	0.19761874907803514
35.	0.1968846290515889
35.2	0.1961595049461358
35.4	0.1954432259175733
35.6	0.1947356444885539
35.8	0.19403661643892445
36.	0.1933460003923215
36.2	0.19266365821711262
36.4	0.19198945477999282
36.6	0.19132325676419448
36.8	0.1906649341830203
37.	0.19001436062862215
37.2	0.18937141234091273
37.4	0.1887359642696708
37.6	0.18810790029487962
37.8	0.18748710140470157
38.	0.18687345305312766
38.2	0.1862668434877713
38.4	0.18566716205260336
38.6	0.1850743007024869
38.8	0.18448815382150796
39.	0.18390861730391145
39.2	0.18333558962061586
39.4	0.18276897083825058
39.6	0.18220866363038737
39.8	0.18165457150775668
40.	0.18110660054166502
40.2	0.1805646587054347
40.4	0.18002865537679028
40.6	0.17949850164750697
40.8	0.17897411040223804
41.	0.17845539644229713
41.2	0.17794227588182365
41.4	0.17743466611726896
41.6	0.17693248679873522
41.8	0.176435658488379
42.	0.1759441034351817
42.2	0.1754577452060891
42.4	0.1749765090482818
42.6	0.1745003216588692
42.8	0.17402910977601208
43.	0.17356280344844857
43.2	0.17310133262368058
43.4	0.17264462905341119
43.6	0.1721926256351113
43.8	0.17174525593786588
44.	0.17130245565572882
44.2	0.17086416081326394
44.4	0.17043030908913745
44.6	0.17000083896041907
44.8	0.1695756900670383
45.	0.16915480308559924
45.2	0.16873811971183608
45.4	0.1683255826759299
45.6	0.16791713578896583
45.8	0.16751272364908865
46.	0.1671122918115601
46.2	0.1667157869907811
46.4	0.1663231564427567
46.6	0.16593434887147945
46.8	0.1655493129450176
47.	0.16516799904946564
47.2	0.1647903581092272
47.4	0.16441634183370635
47.6	0.1640459027779686
47.8	0.16367899399486624
48.	0.16331556983211912
48.2	0.16295558518603964
48.4	0.16259899524620752
48.6	0.1622457567054765
48.8	0.1618958262609735
49.	0.16154916193215207
49.2	0.16120572172109823
49.4	0.16086546511677646
49.6	0.16052835138093793
49.8	0.16019434130410257
50.	0.15986339548252892