0.5	0.1263866343052155
0.495	0.12617802678816623
0.49	0.12596928946122476
0.485	0.1257604216873255
0.48	0.12555142291087598
0.475	0.12534229265980018
0.47	0.12513303036093296
0.46499999999999997	0.12492363537222116
0.46	0.12471410721639557
0.455	0.12450444547295418
0.45	0.1242946492197445
0.445	0.12408471834172621
0.44	0.12387465194749385
0.435	0.12366444947402432
0.43	0.1234541103391077
0.425	0.12324363422506948
0.42	0.12303302035900794
0.415	0.12282226794299518
0.41000000000000003	0.12261137667782096
0.405	0.12240034582052363
0.4	0.122189174827771
0.395	0.12197786300505462
0.39	0.1217664096999615
0.385	0.12155481445600332
0.38	0.12134307647020588
0.375	0.12113119516713011
0.37	0.12091916986976266
0.365	0.12070699997318533
0.36	0.12049468484398583
0.355	0.12028222376118128
0.35	0.12006961604916053
0.345	0.11985686098990479
0.33999999999999997	0.11964395805392106
0.33499999999999996	0.11943090648911095
0.32999999999999996	0.11921770551809381
0.325	0.11900435455547952
0.32	0.1187908527348844
0.315	0.118577199641767
0.31	0.11836339428670913
0.305	0.11814943602856261
0.3	0.11793532412922193
0.29500000000000004	0.11772105787804756
0.29000000000000004	0.11750663649824786
0.28500000000000003	0.11729205921221733
0.28	0.11707732537940255
0.275	0.11686243411440875
0.27	0.11664738465756049
0.265	0.11643217627322237
0.26	0.11621680812746522
0.255	0.11600127950148544
0.25	0.11578558941504609
0.245	0.11556973710748435
0.24	0.11535372204970712
0.235	0.11513754310195891
0.22999999999999998	0.11492119938426514
0.22499999999999998	0.11470469025609095
0.21999999999999997	0.11448801484236308
0.21500000000000002	0.11427117220765155
0.21000000000000002	0.11405416138443161
0.20500000000000002	0.11383698171936647
0.2	0.11361963218933253
0.195	0.11340211193405575
0.19	0.11318441988035993
0.185	0.11296655543529392
0.18	0.11274851731722495
0.175	0.11253030488000842
0.16999999999999998	0.1123119170539491
0.16499999999999998	0.11209335273143682
0.15999999999999998	0.1118746114026485
0.15500000000000003	0.11165569180572092
0.15000000000000002	0.11143659279465892
0.14500000000000002	0.11121731306176404
0.14	0.11099785241013504
0.135	0.11077820994681598
0.13	0.11055838336085905
0.125	0.11033837284761831
0.12	0.11011817759726439
0.11499999999999999	0.10989779444261197
0.10999999999999999	0.10967722528523602
0.10499999999999998	0.10945646640706833
0.09999999999999998	0.10923551770322236
0.09499999999999997	0.10901437836177219
0.09000000000000002	0.10879304706178489
0.08500000000000002	0.10857152232477772
0.08000000000000002	0.10834980328735308
0.07500000000000001	0.10812788863355895
0.07	0.10790577779610497
0.065	0.10768346884710082
0.06	0.10746096076858715
0.05499999999999999	0.10723825245700695
0.04999999999999999	0.10701534296920001
0.044999999999999984	0.106792229665062
0.03999999999999998	0.10656891335815719
0.034999999999999976	0.10634539116714455
0.030000000000000027	0.10612166278481609
0.025000000000000022	0.1058977263694673
0.020000000000000018	0.10567358023659448
0.015000000000000013	0.10544922356143208
0.010000000000000009	0.10522465527375056
0.0050000000000000044	0.1049998733057457
0.	0.10477487666983519
0.5	0.1263866343052155
0.505	0.1265951122356208
0.51	0.12680346145410887
0.515	0.12701168228450233
0.52	0.1272197752649846
0.525	0.12742774092279413
0.53	0.12763557984041032
0.535	0.12784329234179476
0.54	0.12805087901554657
0.545	0.12825834043117715
0.55	0.12846567700246686
0.555	0.12867288925122441
0.56	0.12887997763383094
0.565	0.12908694258353837
0.5700000000000001	0.12929378466307134
0.575	0.1295005043355948
0.58	0.12970710199829316
0.585	0.12991357814572496
0.59	0.1301199332896224
0.595	0.13032616783745674
0.6	0.13053228222253932
0.605	0.13073827700399454
0.61	0.13094415253713332
0.615	0.13114990925888753
0.62	0.13135554761308665
0.625	0.1315610680856409
0.63	0.13176647107670808
0.635	0.13197175698983735
0.64	0.13217692631959496
0.645	0.13238197944701116
0.65	0.13258691679055626
0.655	0.1327917387546942
0.66	0.13299644578350733
0.665	0.13320103828925614
0.67	0.13340551668252865
0.675	0.13360988140657057
0.6799999999999999	0.13381413273587198
0.685	0.13401827121822918
0.69	0.1342222971886724
0.6950000000000001	0.13442621098596966
0.7	0.13463001305709021
0.705	0.1348337038061787
0.71	0.1350372836057502
0.715	0.13524075278044498
0.72	0.13544411183280142
0.725	0.1356473610121245
0.73	0.13585050081504818
0.735	0.13605353152984143
0.74	0.13625645354109023
0.745	0.1364592671863623
0.75	0.13666197299638502
0.755	0.13686457101824262
0.76	0.1370670619761399
0.765	0.13726944593356205
0.77	0.13747172338086447
0.775	0.13767389468826444
0.78	0.1378759601874898
0.7849999999999999	0.13807792010222625
0.79	0.13827977502495384
0.7949999999999999	0.13848152505031563
0.8	0.13868317069101074
0.8049999999999999	0.13888471218455004
0.81	0.13908614987708454
0.815	0.13928748416614936
0.8200000000000001	0.13948871535452528
0.825	0.13968984380099037
0.8300000000000001	0.13989086972640763
0.835	0.1400917935502971
0.8400000000000001	0.14029261556472844
0.845	0.14049333613933082
0.85	0.14069395556409062
0.855	0.1408944740711715
0.86	0.14109489204411893
0.865	0.14129520988289285
0.87	0.141495427774242
0.875	0.14169554608958443
0.88	0.14189556513686188
0.885	0.14209548517112383
0.89	0.14229530650939895
0.895	0.1424950294869045
0.9	0.14269465440078996
0.905	0.14289418155076297
0.9099999999999999	0.1430936112171746
0.915	0.1432929436685286
0.9199999999999999	0.14349217920109603
0.925	0.1436913181676119
0.9299999999999999	0.1438903605414877
0.935	0.1440893075217798
0.94	0.1442881582442923
0.9450000000000001	0.14448691385860057
0.95	0.14468557400075083
0.9550000000000001	0.14488413941468553
0.96	0.14508261017714266
0.9650000000000001	0.14528098662709488
0.97	0.14547926903611447
0.975	0.1456774577573565
0.98	0.14587555267312616
0.985	0.1460735545997225
0.99	0.1462714631760061
0.995	0.14646927974923515
1.	0.14666700341532785