1.6666666666666667	0.32304985520091617
1.6500000000000001	0.3228684865882543
1.6333333333333333	0.3226868895062316
1.6166666666666667	0.3225050619624784
1.6	0.3223230016815401
1.5833333333333333	0.3221407067739501
1.5666666666666667	0.3219581751140737
1.55	0.3217754043734371
1.5333333333333334	0.3215923926295112
1.5166666666666668	0.32140913757129874
1.5	0.32122563691193656
1.4833333333333334	0.3210418885271554
1.4666666666666668	0.3208578898673424
1.45	0.32067363885762873
1.4333333333333333	0.3204891330605804
1.4166666666666667	0.32030436989092254
1.4	0.32011934690501215
1.3833333333333333	0.3199340617828653
1.366666666666667	0.3197485119878355
1.35	0.31956269498133716
1.3333333333333335	0.3193766078374015
1.3166666666666669	0.3191902483389028
1.3	0.31900361339587396
1.2833333333333334	0.318816700538507
1.2666666666666668	0.31862950709082166
1.25	0.31844202982628556
1.2333333333333334	0.31825426623041286
1.2166666666666668	0.3180662130984229
1.2	0.3178778678466737
1.1833333333333333	0.31768922705630126
1.1666666666666667	0.31750028780998685
1.15	0.31731104705737784
1.1333333333333333	0.31712150159474234
1.1166666666666667	0.31693164817191155
1.0999999999999999	0.3167414835434313
1.0833333333333335	0.3165510042727827
1.0666666666666667	0.31636020705905044
1.05	0.31616908838966484
1.0333333333333334	0.3159776447871408
1.0166666666666666	0.31578587261825275
1.	0.3155937683168156
0.9833333333333335	0.31540132813115984
0.9666666666666668	0.31520854837094675
0.9500000000000002	0.3150154249366678
0.9333333333333335	0.3148219541670745
0.9166666666666667	0.3146281320033246
0.9000000000000001	0.3144339543618911
0.8833333333333334	0.31423941716019405
0.8666666666666667	0.3140445160468612
0.8500000000000001	0.31384924695638317
0.8333333333333334	0.31365360530108516
0.8166666666666667	0.3134575866933465
0.8	0.3132611866176923
0.7833333333333333	0.3130644004174011
0.7666666666666666	0.3128672233791653
0.75	0.31266965069395014
0.7333333333333333	0.3124716774612673
0.7166666666666668	0.3122732986733728
0.7000000000000001	0.3120745092201128
0.6833333333333335	0.3118753039095433
0.6666666666666667	0.3116756774134486
0.65	0.31147562436528853
0.6333333333333334	0.3112751391500769
0.6166666666666667	0.31107421621856757
0.6	0.310872849807643
0.5833333333333334	0.3106710340779083
0.5666666666666667	0.3104687628791176
0.5499999999999999	0.31026603035352013
0.5333333333333333	0.3100628300192414
0.5166666666666668	0.30985915567827615
0.5000000000000001	0.30965500066694635
0.4833333333333334	0.30945035847362795
0.46666666666666673	0.3092452225843333
0.45000000000000007	0.30903958554241345
0.43333333333333335	0.3088334404577217
0.4166666666666667	0.30862678014019596
0.4	0.3084195971291316
0.3833333333333333	0.3082118841539547
0.36666666666666664	0.30800363324272606
0.35	0.3077948366290843
0.33333333333333326	0.30758548633603117
0.3166666666666666	0.3073755741183368
0.3000000000000001	0.30716509166685724
0.28333333333333344	0.30695403021319057
0.2666666666666667	0.30674238141762766
0.25000000000000006	0.306530135889705
0.23333333333333336	0.3063172844657296
0.21666666666666667	0.30610381828946265
0.2	0.30588972700221106
0.18333333333333332	0.30567500189097435
0.16666666666666663	0.305459632274389
0.14999999999999997	0.3052436084694799
0.13333333333333328	0.30502691941109933
0.11666666666666659	0.3048095552276662
0.10000000000000009	0.3045915046985095
0.08333333333333341	0.3043727568429013
0.06666666666666674	0.3041533003787544
0.050000000000000044	0.3039331235709498
0.03333333333333337	0.3037122148499015
0.016666666666666684	0.30349056210238246
0.	0.3032681530855424
1.6666666666666667	0.32304985520091617
1.6833333333333333	0.3232309971593307
1.7000000000000002	0.3234119146366651
1.7166666666666668	0.32359260943359636
1.7333333333333334	0.3237730835272566
1.7500000000000002	0.32395333875157
1.7666666666666668	0.32413337700297895
1.7833333333333334	0.32431320007951164
1.8000000000000003	0.32449280985764534
1.8166666666666669	0.324672208073446
1.8333333333333335	0.3248513964755963
1.8500000000000003	0.32503037686449543
1.866666666666667	0.3252091508014785
1.8833333333333333	0.3253877201663989
1.9000000000000004	0.32556608647027824
1.9166666666666665	0.32574425144134195
1.9333333333333333	0.32592221669282956
1.95	0.3260999838458082
1.9666666666666666	0.3262775544255415
1.9833333333333334	0.32645493002445647
2.	0.3266321122199009
2.0166666666666666	0.3268091024419225
2.033333333333333	0.32698590230539687
2.0500000000000003	0.3271625131757829
2.066666666666667	0.32733893661634583
2.0833333333333335	0.32751517404987035
2.1	0.3276912268689144
2.1166666666666667	0.32786709650413487
2.1333333333333333	0.32804278436704765
2.1500000000000004	0.32821829180932677
2.166666666666667	0.3283936202309019
2.1833333333333336	0.3285687709396528
2.2	0.3287437452323676
2.216666666666667	0.32891854444517765
2.2333333333333334	0.32909316990818654
2.2500000000000004	0.329267622870056
2.2666666666666666	0.32944190458955885
2.2833333333333337	0.32961601633379967
2.3	0.3297899593003988
2.316666666666667	0.3299637347985079
2.3333333333333335	0.3301373439276826
2.35	0.33031078790922247
2.3666666666666667	0.33048406798848706
2.3833333333333333	0.3306571852476295
2.4	0.3308301408575497
2.4166666666666665	0.33100293600669495
2.4333333333333336	0.33117557178573537
2.45	0.331348049259725
2.466666666666667	0.33152036958179393
2.4833333333333334	0.3316925339316954
2.5	0.3318645431980781
2.5166666666666666	0.3320363985380368
2.5333333333333337	0.3322081010754764
2.5500000000000003	0.33237965154770605
2.566666666666667	0.33255105155116294
2.5833333333333335	0.3327223012928221
2.6	0.3328934024854532
2.6166666666666667	0.3330643559302065
2.6333333333333337	0.3332351628017256
2.65	0.33340582323998735
2.666666666666667	0.33357633939764697
2.683333333333333	0.33374671106124343
2.7	0.3339169400630668
2.716666666666667	0.3340870269299738
2.733333333333334	0.3342569730802242
2.75	0.33442677838654733
2.766666666666667	0.3345964446250171
2.783333333333333	0.3347659724728402
2.8000000000000003	0.3349353628807166
2.816666666666667	0.3351046164867667
2.8333333333333335	0.3352737344191132
2.85	0.33544271747853505
2.8666666666666667	0.3356115663592842
2.8833333333333333	0.3357802820143091
2.9	0.3359488652855388
2.916666666666667	0.3361173169797394
2.9333333333333336	0.33628563790306454
2.95	0.33645382889717734
2.966666666666667	0.3366218906997284
2.9833333333333334	0.3367898241557009
3.	0.33695763003074847
3.016666666666667	0.3371253091265016
3.033333333333333	0.3372928621173636
3.0500000000000003	0.33746028988203014
3.0666666666666664	0.33762759306543955
3.0833333333333335	0.33779477249375384
3.1	0.33796182901440164
3.116666666666667	0.3381287630178785
3.1333333333333333	0.33829557547779515
3.1500000000000004	0.3384622670943042
3.1666666666666665	0.3386288385674032
3.1833333333333336	0.33879529058053764
3.2	0.338961623822074
3.2166666666666672	0.33912783907199745
3.2333333333333334	0.3392939368074539
3.25	0.3394599178828158
3.2666666666666666	0.3396257829459965
3.283333333333333	0.33979153266943296
3.3000000000000003	0.3399571676159955
3.316666666666667	0.3401226885149992
3.3333333333333335	0.34028809602630183
3.3499999999999996	0.34045339080492387
3.3666666666666667	0.3406185732662114
3.3833333333333337	0.34078364436028846
3.4000000000000004	0.34094860444027847
3.4166666666666665	0.3411134544282357
3.4333333333333336	0.3412781947439036
3.4500000000000006	0.34144282579524377
3.466666666666667	0.3416073486811024
3.4833333333333334	0.34177176359542666
3.5000000000000004	0.3419360711963625
3.5166666666666675	0.3421002721428934
3.5333333333333337	0.3422643669692135
3.55	0.3424283562863583
3.5666666666666664	0.34259224070814
3.5833333333333335	0.342756020467111
3.6000000000000005	0.3429196967463992
3.6166666666666667	0.3430832695972862
3.633333333333333	0.34324673971937514
3.65	0.34341010764317353
3.666666666666667	0.34357337395504717
3.6833333333333336	0.34373653921594177
3.6999999999999997	0.34389960373496237
3.716666666666667	0.344062568156422
3.733333333333334	0.344225433152463
3.75	0.3443881994003573
3.7666666666666666	0.344550866702268
3.7833333333333337	0.34471343642218244
3.8000000000000007	0.3448759084962098
3.816666666666667	0.3450382833207463
3.833333333333333	0.3452005621383912
3.85	0.3453627445506296
3.866666666666667	0.3455248318429734
3.8833333333333337	0.34568682360750513
3.9	0.34584872108978915
3.916666666666667	0.34601052476090827
3.933333333333334	0.346172234442519
3.95	0.34633385137923667
3.966666666666667	0.3464953751343102
3.983333333333333	0.3466568072658873
4.	0.3468181473159277
4.0166666666666675	0.34697939595242516
4.033333333333333	0.34714055407898947
4.05	0.3473016216967073
4.066666666666666	0.3474625993189202
4.083333333333334	0.34762348711702423
4.1000000000000005	0.34778428639378506
4.116666666666666	0.34794499677971885
4.133333333333334	0.34810561888937175
4.15	0.3482661532324891
4.166666666666667	0.34842659982538937
4.183333333333334	0.3485869599007919
4.2	0.34874723329713553
4.216666666666668	0.3489074209075235
4.233333333333333	0.3490675225098219
4.25	0.34922753849375887
4.266666666666667	0.3493874699258678
4.283333333333334	0.3495473170086718
4.300000000000001	0.3497070797191322
4.316666666666666	0.349866758737376
4.333333333333334	0.3500263543933014
4.3500000000000005	0.3501858667827951
4.366666666666667	0.3503452969568706
4.383333333333334	0.35050464491995714
4.3999999999999995	0.3506639113485189
4.416666666666667	0.3508230957562682
4.433333333333334	0.35098219944791564
4.45	0.35114122269665193
4.466666666666667	0.3513001649814296
4.483333333333333	0.35145902797749623
4.500000000000001	0.35161781083160687
4.516666666666667	0.35177651491141226
4.533333333333333	0.3519351396265669
4.55	0.3520936863321628
4.566666666666667	0.35225215454668574
4.583333333333334	0.35241054497132457
4.6	0.3525688579060262
4.616666666666667	0.3527270933914595
4.633333333333334	0.35288525248353825
4.65	0.3530433352586342
4.666666666666667	0.35320134150497307
4.683333333333334	0.3533592720312041
4.700000000000001	0.35351712706063404
4.716666666666667	0.35367490742400987
4.733333333333333	0.35383261268885924
4.75	0.35399024332190154
4.7666666666666675	0.35414779977640715
4.783333333333334	0.3543052823474729
4.8	0.3544626918344699
4.816666666666666	0.3546200276341718
4.833333333333333	0.35477729092193194
4.8500000000000005	0.3549344813347523
4.866666666666667	0.35509159939893786
4.883333333333333	0.3552486459682448
4.9	0.35540562043261376
4.916666666666667	0.35556252360956464
4.933333333333334	0.3557193558928705
4.95	0.3558761172705671
4.966666666666667	0.35603280797423786
4.983333333333334	0.3561894286486777
5.	0.35634597973664367