30.	-1.1396357991766689e-7
29.8	-1.2188682083388657e-7
29.6	-1.3033499816146592e-7
29.4	-1.3932297244753008e-7
29.2	-1.4885554215456104e-7
29.	-1.5906923572343616e-7
28.8	-1.699271513071511e-7
28.6	-1.8148975137310715e-7
28.4	-1.9382375295637074e-7
28.2	-2.0702055804732944e-7
28.	-2.211339341349985e-7
27.8	-2.3605329970069244e-7
27.6	-2.5208552109698885e-7
27.4	-2.691891101816651e-7
27.2	-2.8746871145955783e-7
27.	-3.070059956195814e-7
26.8	-3.2824257598477485e-7
26.6	-3.5024984783351915e-7
26.4	-3.741720796433294e-7
26.2	-3.9977114978214326e-7
26.	-4.2720480996714215e-7
25.8	-4.5661416977041293e-7
25.6	-4.881248167682054e-7
25.4	-5.219409325630629e-7
25.2	-5.582358746513495e-7
25.	-5.971689925038023e-7
24.8	-6.390501793328454e-7
24.6	-6.840286007735075e-7
24.4	-7.324285307414024e-7
24.2	-7.844804968244926e-7
24.	-8.405462744626969e-7
23.8	-9.009461765322394e-7
23.6	-9.660654603720722e-7
23.4	-1.0363318447968982e-6
23.2	-1.1121356100584858e-6
23.	-1.1940235841129626e-6
22.8	-1.2825581404095516e-6
22.6	-1.378294139034845e-6
22.4	-1.4819431529040298e-6
22.2	-1.5942702151354151e-6
22.	-1.7158923198895433e-6
21.8	-1.8479696239810685e-6
21.6	-1.9912856970714434e-6
21.4	-2.1470529215286332e-6
21.2	-2.316457039249995e-6
21.	-2.500857075472306e-6
20.8	-2.7017344328216993e-6
20.6	-2.9206065103881907e-6
20.4	-3.159879591087408e-6
20.2	-3.420968678013827e-6
20.	-3.706568235500268e-6
19.8	-4.019214245532485e-6
19.6	-4.3616350946721566e-6
19.4	-4.737380353835641e-6
19.2	-5.1498806968855245e-6
19.	-5.6033304714173995e-6
18.8	-6.102244794200597e-6
18.6	-6.651999731890529e-6
18.4	-7.258282119063288e-6
18.2	-7.927883477114151e-6
18.	-8.668276259792153e-6
17.8	-9.487955770345003e-6
17.6	-0.000010396529838977697
17.4	-0.00001140508008684905
17.2	-0.000012525988085168987
17.	-0.000013773603333913035
16.8	-0.00001516412517936687
16.6	-0.00001671625288240031
16.4	-0.000018451177709097305
16.2	-0.000020393502674612387
16.	-0.000022571290296818815
15.8	-0.000025016940245555407
15.6	-0.000027767752359667815
15.4	-0.000030866886765045175
15.2	-0.00003436430848923106
15.	-0.00003831782355204621
14.8	-0.00004279467179698223
14.6	-0.00004787304321958054
14.4	-0.00005364401271148012
14.2	-0.00006021381812445114
14.	-0.00006770680293278691
13.8	-0.00007626864307154078
13.6	-0.0000860699789662004
13.4	-0.00009731149710495555
13.2	-0.00011022918708868106
13.	-0.00012510193474290192
12.8	-0.00014225758023142358
12.6	-0.0001620845427003354
12.4	-0.00018504225523139478
12.2	-0.00021167435999035577
12.	-0.0002426266787430359
11.8	-0.0002786642377192875
11.6	-0.00032069645239941804
11.4	-0.00036980261973421026
11.2	-0.00042726565644037533
11.	-0.0004946087413281599
10.8	-0.0005736406331055074
10.6	-0.0006665066156389557
10.4	-0.0007757484332261801
10.2	-0.0009043734042989573
10.	-0.0010559315142525754
30.	-1.1396357991766689e-7
30.2	-1.0653235479535191e-7
30.4	-9.953102275339932e-8
30.6	-9.295810360691902e-8
30.8	-8.678799271517264e-8
31.	-8.097958206838156e-8
31.2	-7.551296700927453e-8
31.4	-7.037316705625767e-8
31.6	-6.554299981343976e-8
31.8	-6.099535124459306e-8
32.	-5.6754516352197066e-8
32.2	-5.2690556271825746e-8
32.4	-4.890074676264009e-8
32.6	-4.533471035539017e-8
32.8	-4.1977361019294496e-8
33.	-3.8784498997994565e-8
33.2	-3.584213154892289e-8
33.4	-3.304160561929642e-8
33.6	-3.040489710293627e-8
33.8	-2.7910923199022057e-8
34.	-2.5585772594582912e-8
34.2	-2.3382377582664232e-8
34.4	-2.1314407852604745e-8
34.6	-1.936245013167221e-8
34.8	-1.7524989083232574e-8
35.	-1.5800178640439722e-8
35.2	-1.4176345032974883e-8
35.4	-1.2645945933539314e-8
35.6	-1.1207374800763308e-8
35.8	-9.854192312192302e-9
36.	-8.581481573948768e-9
36.2	-7.385141678701512e-9
36.4	-6.259051155687617e-9
36.6	-5.202007340447236e-9
36.8	-4.2089563486730625e-9
37.	-3.276098474922734e-9
37.2	-2.400337122912194e-9
37.4	-1.5783450992142962e-9
37.6	-8.070954780278293e-10
37.8	-8.405328402235013e-11
38.	5.935718723061519e-10
38.2	1.2284349662495487e-9
38.4	1.8142240530996495e-9
38.6	2.378862848357119e-9
38.8	2.899274957056243e-9
39.	3.385183983533803e-9
39.2	3.839064848475903e-9
39.4	4.261845996174237e-9
39.6	4.6561272870942666e-9
39.8	5.023235397889558e-9
40.	5.357795550173792e-9
40.2	5.681446681090057e-9
40.4	5.97663564411559e-9
40.6	6.248552509219927e-9
40.8	6.499399676270013e-9
41.	6.732645378995218e-9
41.2	6.945762938915579e-9
41.4	7.152468753582646e-9
41.6	7.32390849338158e-9
41.8	7.489146735980795e-9
42.	7.639060525875938e-9
42.2	7.775578431493334e-9
42.4	7.898945022532202e-9
42.6	8.010231210656372e-9
42.8	8.11014072847514e-9
43.	8.198543806322503e-9
43.2	8.276947453957665e-9
43.4	8.310013399529176e-9
43.6	8.40407493000621e-9
43.8	8.455768012534685e-9
44.	8.498654093152802e-9
44.2	8.533438944841802e-9
44.4	8.590472786216979e-9
44.6	8.582084806240342e-9
44.8	8.59680764064361e-9
45.	8.607244704667051e-9
45.2	8.608185556697639e-9
45.4	8.605808538527943e-9
45.6	8.59831880605604e-9
45.8	8.580674410986995e-9
46.	8.569817247943745e-9
46.2	8.549138679568e-9
46.4	8.524391008392869e-9
46.6	8.49617087862219e-9
46.8	8.464658473607056e-9
47.	8.430148973308443e-9
47.2	8.392294638880125e-9
47.4	8.351940453882464e-9
47.6	8.308828673340093e-9
47.8	8.26373513677857e-9
48.	8.217170669926239e-9
48.2	8.166605399960996e-9
48.4	8.115089861729196e-9
48.6	8.061886713051759e-9
48.8	8.007038556195477e-9
49.	7.95069035216698e-9
49.2	7.892989676786187e-9
49.4	7.834070399617892e-9
49.6	7.774078067856075e-9
49.8	7.712182350639046e-9
50.	7.651012386341978e-9