0.5	0.16080054621152587
0.495	0.160562681782133
0.49	0.160324675644657
0.485	0.1600865271186393
0.48	0.1598482364432657
0.475	0.1596098020836316
0.47	0.15937122413569405
0.46499999999999997	0.15913250148992372
0.46	0.15889363398071288
0.455	0.15865462084600682
0.45	0.15841546125461306
0.445	0.15817615471194968
0.44	0.15793670046505798
0.435	0.1576970984870925
0.43	0.15745734684648321
0.425	0.15721744644793578
0.42	0.15697739567692695
0.415	0.15673719444574377
0.41000000000000003	0.1564968413450345
0.405	0.1562563368011548
0.4	0.15601567868979627
0.395	0.15577486776857266
0.39	0.15553390215467616
0.385	0.1552927823837627
0.38	0.15505150651631616
0.375	0.15481007441794353
0.37	0.15456848558821373
0.365	0.15432673914087006
0.36	0.1540848343095729
0.355	0.15384277031949942
0.35	0.15360054683454194
0.345	0.15335816290937582
0.33999999999999997	0.15311561712191657
0.33499999999999996	0.1528729093502546
0.32999999999999996	0.15263003876691042
0.325	0.15238700455834034
0.32	0.15214380596563418
0.315	0.1519004422687316
0.31	0.15165691247897145
0.305	0.1514132157741284
0.3	0.15116935237546394
0.29500000000000004	0.15092531947664156
0.29000000000000004	0.1506811177952306
0.28500000000000003	0.15043674611486493
0.28	0.15019220351931997
0.275	0.1499474892112112
0.27	0.14970260228445195
0.265	0.14945754197560887
0.26	0.14921230755291676
0.255	0.14896689740023109
0.25	0.14872131166184752
0.245	0.14847554865246923
0.24	0.1482296077091081
0.235	0.14798348811824874
0.22999999999999998	0.14773718876338038
0.22499999999999998	0.14749070883312432
0.21999999999999997	0.14724404723657064
0.21500000000000002	0.14699720283529205
0.21000000000000002	0.14675017505476617
0.20500000000000002	0.14650296295187223
0.2	0.14625556512740065
0.195	0.14600798085099417
0.19	0.1457602091938338
0.185	0.1455122491159869
0.18	0.1452640992619872
0.175	0.1450157588134554
0.16999999999999998	0.1447672267192688
0.16499999999999998	0.1445185022359745
0.15999999999999998	0.1442695839118127
0.15500000000000003	0.14402047069761462
0.15000000000000002	0.143771161614798
0.14500000000000002	0.14352165534897496
0.14	0.1432719507666401
0.135	0.14302204759109668
0.13	0.14277194313309616
0.125	0.1425216380465378
0.12	0.14227112962961247
0.11499999999999999	0.14202041750874214
0.10999999999999999	0.14176949987115003
0.10499999999999998	0.141518375619267
0.09999999999999998	0.14126704532283652
0.09499999999999997	0.14101550487481943
0.09000000000000002	0.14076375467766492
0.08500000000000002	0.1405117942277253
0.08000000000000002	0.14025962002238718
0.07500000000000001	0.14000723254063438
0.07	0.13975463001424926
0.065	0.13950181086784805
0.06	0.13924877386999615
0.05499999999999999	0.13899551744480812
0.04999999999999999	0.13874204119793418
0.044999999999999984	0.1384883424673145
0.03999999999999998	0.13823442053189047
0.034999999999999976	0.1379802741385519
0.030000000000000027	0.1377259017580998
0.025000000000000022	0.1374713012867279
0.020000000000000018	0.137216472286097
0.015000000000000013	0.13696141243215218
0.010000000000000009	0.13670612085608203
0.0050000000000000044	0.13645059558632416
0.	0.13619483524567533
0.5	0.16080054621152587
0.505	0.16103827011064628
0.51	0.16127585327470975
0.515	0.16151329672234913
0.52	0.16175060123108784
0.525	0.16198776660854503
0.53	0.1622247943247543
0.535	0.16246168425328508
0.54	0.1626984369309314
0.545	0.1629350533412118
0.55	0.1631715337996859
0.555	0.16340787900404496
0.56	0.16364408919120116
0.565	0.16388016502605285
0.5700000000000001	0.16411610691443013
0.575	0.1643519157672356
0.58	0.1645875913288229
0.585	0.16482313480800415
0.59	0.16505854672373083
0.595	0.16529382708753323
0.6	0.16552897673511838
0.605	0.16576399605357
0.61	0.1659988855296929
0.615	0.16623364561353393
0.62	0.16646827700306976
0.625	0.1667027798928564
0.63	0.16693715502826437
0.635	0.16717140249368911
0.64	0.167405523120601
0.645	0.1676395172816783
0.65	0.16787338529933277
0.655	0.16810712784890683
0.66	0.16834074521857134
0.665	0.16857423794764229
0.67	0.16880760637226686
0.675	0.1690408512870337
0.6799999999999999	0.16927397248144985
0.685	0.16950697112584567
0.69	0.1697398470017449
0.6950000000000001	0.1699726008735389
0.7	0.1702052333533838
0.705	0.1704377444339496
0.71	0.17067013478424606
0.715	0.1709024050575872
0.72	0.17113455508752898
0.725	0.1713665857197859
0.73	0.1715984971969818
0.735	0.17183029006321723
0.74	0.17206196457810008
0.745	0.17229352134615916
0.75	0.17252496065928613
0.755	0.1727562827249755
0.76	0.17298748827479668
0.765	0.1732185772947347
0.77	0.17344955059346856
0.775	0.17368040830263054
0.78	0.173911150963462
0.7849999999999999	0.17414177869871342
0.79	0.17437229221049805
0.7949999999999999	0.17460269164362746
0.8	0.17483297759806155
0.8049999999999999	0.17506315006772818
0.81	0.17529320954229755
0.815	0.17552315693301726
0.8200000000000001	0.17575299180552462
0.825	0.17598271523651945
0.8300000000000001	0.1762123267560869
0.835	0.17644182779425457
0.8400000000000001	0.17667121772969172
0.845	0.17690049753801765
0.85	0.17712966686658463
0.855	0.17735872681036471
0.86	0.17758767769323797
0.865	0.17781651966208553
0.87	0.17804525245503344
0.875	0.1782738771964909
0.88	0.17850239374795934
0.885	0.1787308032546351
0.89	0.17895910498013284
0.895	0.17918730017656556
0.9	0.17941538805474197
0.905	0.17964336990515206
0.9099999999999999	0.179871246014018
0.915	0.18009901638198364
0.9199999999999999	0.18032668142357106
0.925	0.1805542413797294
0.9299999999999999	0.1807816968332996
0.935	0.18100904769993575
0.94	0.18123629445437986
0.9450000000000001	0.18146343762639489
0.95	0.18169047728305235
0.9550000000000001	0.18191741369622644
0.96	0.1821442474354536
0.9650000000000001	0.18237097852642076
0.97	0.18259760764765753
0.975	0.18282413473025216
0.98	0.18305055974630627
0.985	0.18327688401426684
0.99	0.183503107343323
0.995	0.183729229536059
1.	0.1839552515791541