45.	0.31381805219970554
44.8	0.31393723433019594
44.6	0.3140579140735291
44.4	0.31418011627538917
44.2	0.314303866199757
44.	0.31442918962509697
43.8	0.31455611292178337
43.6	0.3146846630083824
43.4	0.3148148672905441
43.2	0.3149467537891132
43.	0.31508035112983585
42.8	0.31521568855058246
42.6	0.3153527958379527
42.4	0.3154917034368668
42.2	0.3156324425498993
42.	0.31577504492481195
41.8	0.31591954289857727
41.6	0.3160659698133716
41.4	0.3162143593859275
41.2	0.3163647462613001
41.	0.3165171658558859
40.8	0.3166716542918999
40.6	0.31682824845496305
40.4	0.31698698612036147
40.2	0.31714790580560703
40.	0.3173110470756679
39.8	0.31747645019684906
39.6	0.3176441563176544
39.4	0.3178142076532932
39.2	0.3179866473193901
39.	0.3181615193710932
38.8	0.31833886888980706
38.6	0.3185187420110674
38.4	0.3187011858886418
38.2	0.3188862488059602
38.	0.3190739801289821
37.8	0.31926443043901553
37.6	0.3194576513506344
37.4	0.3196536958015172
37.2	0.31985261807269677
37.	0.3200544734656724
36.8	0.3202593188294985
36.6	0.3204672123118571
36.4	0.32067821345473047
36.2	0.3208923830621981
36.	0.3211097835379506
35.8	0.321330479027082
35.6	0.32155453484737306
35.4	0.3217820181367785
35.2	0.32201299764067876
35.	0.3222475437352959
34.8	0.3224857286741584
34.6	0.32272762645211184
34.4	0.3229733128164163
34.2	0.3232228655559636
34.	0.3234763642381253
33.8	0.3237338907404705
33.6	0.323995528758449
33.4	0.32426136426846097
33.2	0.3245314854061766
33.	0.3248059824969787
32.8	0.3250849483405439
32.6	0.32536847815353837
32.4	0.3256566693515573
32.2	0.32594962242708403
32.	0.32624744002578926
31.8	0.32655022781555043
31.6	0.3268580942038548
31.4	0.32717115027511107
31.2	0.3274895103961455
31.	0.32781329191228625
30.8	0.32814261532287586
30.6	0.32847760445914836
30.4	0.3288183863368416
30.2	0.32916509167733715
30.	0.32951785482372264
29.8	0.329876813547546
29.6	0.3302421097055148
29.4	0.3306138891749469
29.2	0.33099230174941047
29.	0.3313775013774013
28.8	0.3317696467236592
28.6	0.33216890039874775
28.4	0.3325754303589984
28.2	0.3329894085995934
28.	0.33341101282490554
27.8	0.3338404253238615
27.6	0.3342778339486879
27.4	0.3347234319057048
27.2	0.3351774182304526
27.	0.3356399977526014
26.8	0.3361113812409817
26.6	0.33659178588111527
26.4	0.33708143511849725
26.2	0.33758055952766824
26.	0.3380893960722999
25.8	0.338608189352154
25.6	0.3391371911398826
25.4	0.33967666083358616
25.2	0.3402268659697073
25.	0.3407880820847612
24.8	0.3413605937672922
24.6	0.3419446929839607
24.4	0.34254068268866683
24.2	0.34314887414494005
24.	0.3437695886291962
23.8	0.34440315749928
23.6	0.345049922627003
23.4	0.3457102365005848
23.2	0.34638446318510624
23.	0.34707297811994164
22.8	0.34777616884218143
22.6	0.34849443530277024
22.4	0.3492281903383022
22.2	0.34997786020458804
22.	0.3507438848943474
21.8	0.3515267187421588
21.6	0.352326830909624
21.4	0.35314470586337754
21.2	0.3539808438792486
21.	0.35483576168778097
20.8	0.35570999313534224
20.6	0.3566040894577839
20.4	0.3575186202430238
20.2	0.35845417359918524
20.	0.3594113573924671
19.8	0.36039079946776537
19.6	0.3613931482978076
19.4	0.36241907398218426
19.2	0.3634692686548518
19.	0.36454444735271385
18.8	0.36564534861124864
18.6	0.36677273530538274
18.4	0.36792739520638984
18.2	0.369110142113084
18.	0.3703218161757654
17.8	0.37156328474589395
17.6	0.3728354432621779
17.4	0.37413921596246585
17.2	0.3754755558609423
17.	0.37684544705890893
16.8	0.37824990373379375
16.6	0.3796899716832061
16.4	0.38116672860750017
16.2	0.38268128471381724
16.	0.384234783119716
15.8	0.38582840048663497
15.6	0.3874633469158794
15.4	0.3891408665194622
15.2	0.3908622380999616
15.	0.3926287718535176
14.8	0.394441815543719
14.6	0.3963027480581824
14.4	0.3982129819616026
14.2	0.4001739622312708
14.	0.4021871654943758
13.8	0.40425409916356486
13.6	0.40637629913220774
13.4	0.408555330717746
13.2	0.4107927844426597
13.	0.41309027578123997
12.8	0.41544944262242556
12.6	0.4178719434309043
12.4	0.4203594549009092
12.2	0.4229136696730216
12.	0.4255362941204842
11.8	0.42822904636627135
11.6	0.43099365482407087
11.4	0.43383185291900966
11.2	0.43674538536234553
11.	0.43973599837719496
10.8	0.4428054450393432
10.6	0.44595548412049213
10.4	0.4491878783232045
10.2	0.45250439718137486
10.	0.4559068171659823
45.	0.31381805219970554
45.2	0.31370034342348385
45.4	0.3135840841819352
45.6	0.313469251228589
45.8	0.31335582155050534
46.	0.3132437728316863
46.2	0.31313308307792553
46.4	0.3130237306691158
46.6	0.3129156946039855
46.8	0.3128089540099627
47.	0.31270348871166365
47.2	0.3125992787270984
47.4	0.3124963044864795
47.6	0.31239454683916174
47.8	0.31229398704685635
48.	0.3121946065394723
48.2	0.3120963873433691
48.4	0.31199931163911254
48.6	0.31190336200788127
48.8	0.3118085213674192
49.	0.3117147729386515
49.2	0.3116221002664629
49.4	0.31153048721232485
49.6	0.3114399179415396
49.8	0.31135037676026567
50.	0.31126184852339295
50.2	0.3111743182248391
50.4	0.31108777104614904
50.6	0.31100219256684974
50.8	0.3109175686417296
51.	0.31083388529369277
51.2	0.31075112882546424
51.4	0.3106692858305674
51.6	0.31058834305367605
51.8	0.3105082875115746
52.	0.3104291065853232
52.2	0.31035078761383406
52.4	0.31027331837641375
52.6	0.3101966867875965
52.8	0.3101208809919594
53.	0.31004588937009503
53.2	0.30997170036581456
53.4	0.30989830276916214
53.6	0.30982568559021195
53.8	0.30975383785927396
54.	0.3096827488992294
54.2	0.30961240828167064
54.4	0.30954280561291975
54.6	0.3094739308144312
54.8	0.3094057738842901
55.	0.30933832493600266
55.2	0.3092715744240452
55.4	0.3092055129007121
55.6	0.3091401309098754
55.8	0.3090754193876641
56.	0.3090113693595618
56.2	0.3089479717807346
56.4	0.30888521814269665
56.6	0.30882309979763867
56.8	0.3087616082724718
57.	0.3087007353094879
57.2	0.30864047274349155
57.4	0.3085808125745227
57.6	0.3085217469018718
57.8	0.3084632679147035
58.	0.3084053679702477
58.2	0.3083480396074204
58.4	0.3082912753972754
58.6	0.3082350680693934
58.8	0.3081794104177779
59.	0.30812429546368203
59.2	0.30806971618823065
59.4	0.30801566582181866
59.6	0.30796213760718105
59.8	0.30790912496042244
60.	0.30785662133660463
60.2	0.3078046203793513
60.4	0.3077531156917822
60.6	0.30770210109521834
60.8	0.3076515705295211
61.	0.30760151790202334
61.2	0.30755193727151836
61.4	0.30750282285542596
61.6	0.30745416890603783
61.8	0.3074059696950702
62.	0.3073582196887797
62.2	0.30731091337178124
62.4	0.30726404540823493
62.6	0.30721761035532136
62.8	0.30717160305958746
63.	0.30712601826555286
63.2	0.3070808509690391
63.4	0.3070360961258893
63.6	0.3069917487554051
63.8	0.30694780404692606
64.	0.30690425713515807
64.2	0.30686110337623235
64.4	0.3068183380293842
64.6	0.3067759565728103
64.8	0.3067339544676776
65.	0.3066923271999883
65.2	0.30665107045265444
65.4	0.30661017989834116
65.6	0.30656965120040564
65.8	0.3065294802250925
66.	0.30648966283157125
66.2	0.3064501948792492
66.4	0.30641107236865345
66.6	0.3063722913444327
66.8	0.30633384788648765
67.	0.3062957381413338
67.2	0.3062579583126672
67.4	0.30622050462976547
67.6	0.306183373412183
67.8	0.3061465610160719
68.	0.3061100638406146
68.2	0.306073878348889
68.4	0.3060380010277535
68.6	0.3060024284647657
68.8	0.3059671572636777
69.	0.3059321840453291
69.2	0.30589750555234096
69.4	0.30586311839554753
69.6	0.30582901951215924
69.8	0.30579520573304414
70.	0.3057616737816654
70.2	0.30572842064194883
70.4	0.30569544336570903
70.6	0.3056627388412323
70.8	0.3056303041434243
71.	0.3055981363458458
71.2	0.3055662325637121
71.4	0.3055345899311348
71.6	0.3055032056941515
71.8	0.30547207704793994
72.	0.3054412013237531
72.2	0.3054105757045968
72.4	0.30538019759114404
72.6	0.30535006431735356
72.8	0.3053201734174359
73.	0.30529052215489344
73.2	0.3052611081701569
73.4	0.3052319288567326
73.6	0.3052029818259508
73.8	0.305174264641549
74.	0.30514577485824634
74.2	0.30511751020790967
74.4	0.30508946818788923
74.6	0.3050616466605584
74.8	0.30503404326556893
75.	0.30500665579424746
75.2	0.3049794820322393
75.4	0.30495251969833037
75.6	0.30492576686773853
75.8	0.3048992210929173
76.	0.3048728805230257
76.2	0.3048467428724718
76.4	0.30482080628423647
76.6	0.30479506857802047
76.8	0.3047695277604545
77.	0.3047441819195969
77.2	0.3047190291625692
77.4	0.3046940674210243
77.6	0.3046692948974577
77.8	0.3046447096180374
78.	0.3046203098422686
78.2	0.30459609349581773
78.4	0.3045720590115835
78.6	0.3045482044181965
78.8	0.3045245282128564
79.	0.30450102834727677
79.2	0.3044777032639113
79.4	0.3044545512093059
79.6	0.30443157049651787
79.8	0.30440875950665935
80.	0.30438611656582165