30.	0.3420530433461588
29.8	0.3424988930174633
29.6	0.34295229037149333
29.4	0.3434134072178739
29.2	0.3438824196493219
29.	0.34435950910261454
28.8	0.34484486215798504
28.6	0.34533867062453233
28.4	0.3458411318464282
28.2	0.34635244920868
28.	0.3468728313892773
27.8	0.34740249362984915
27.6	0.34794165722718934
27.4	0.34849055028410986
27.2	0.34904940745433927
27.	0.34961847028447685
26.8	0.35019798790065576
26.6	0.3507882167547978
26.4	0.35138942106050597
26.2	0.35200187284161855
26.	0.35262585273205116
25.8	0.35326164990277265
25.6	0.3539095625485878
25.4	0.3545698978292762
25.2	0.3552429730638469
25.	0.355929114864253
24.8	0.35662866035599033
24.6	0.35734195764567445
24.4	0.3580693655430774
24.2	0.3588112544805349
24.	0.35956800659939114
23.8	0.3603400171042749
23.6	0.36112769343713447
23.4	0.36193145588781744
23.2	0.36275173953308404
23.	0.3635889933180191
22.8	0.3644436808856043
22.6	0.36531628177246783
22.4	0.3662072913286008
22.2	0.3671172214820625
22.	0.3680466013979047
21.8	0.36899597819765423
21.6	0.36996591797318407
21.4	0.3709570061591988
21.2	0.3719698479328415
21.	0.3730050695078204
20.8	0.3740633194452031
20.6	0.3751452677505413
20.4	0.3762516086262165
20.2	0.3773830609696943
20.	0.37854036825328724
19.8	0.37972430119957495
19.6	0.38093565642501914
19.4	0.3821752608899266
19.2	0.38344396936146413
19.	0.38474266834195575
18.8	0.38607227592060006
18.6	0.3874337431305023
18.4	0.38882805603450804
18.2	0.3902562353577736
18.	0.39171933944786524
17.8	0.39321846558971046
17.6	0.39475475006013316
17.4	0.3963293708020956
17.2	0.3979435486555958
17.	0.3995985494544659
16.8	0.4012956834613636
16.6	0.4030363101091962
16.4	0.40482183658463844
16.2	0.4066537213316913
16.	0.4085334755907405
15.8	0.4104626631088742
15.6	0.4124429039440745
15.4	0.4144758745254927
15.2	0.41656331003908076
15.	0.4187070041034826
14.8	0.4209088121756681
14.6	0.4231706501999064
14.4	0.4254944973632139
14.2	0.42788239587620824
14.	0.4303364503104336
13.8	0.4328588284821198
13.6	0.43545176192535007
13.4	0.43811754202229497
13.2	0.4408585206545027
13.	0.4436771070900138
12.8	0.4465757639572604
12.6	0.4495570047039124
12.4	0.45262338698391713
12.2	0.455777507371961
12.	0.4590219925642501
11.8	0.4623594913317413
11.6	0.46579266332900815
11.4	0.46932416620140194
11.2	0.4729566432946351
11.	0.4766927062543161
10.8	0.4805349182689235
10.6	0.48448577661624853
10.4	0.48854769170181317
10.2	0.49272296761525863
10.	0.4970137816419443
9.8	0.5014221657227642
9.6	0.5059499885933072
9.4	0.5105989417493444
9.2	0.5153705292476864
9.	0.5202660617587955
8.8	0.5252866568822678
8.6	0.5304332434753657
8.4	0.5357065714826544
8.2	0.5411072153048133
8.	0.5466355972308137
7.8	0.5522919638394687
7.6	0.5580763830110528
7.4	0.563988686960032
7.2	0.5700283979920069
7.	0.5761945737561545
6.8	0.5824856015069988
6.6	0.5888989003188284
6.4	0.5954304989893714
6.2	0.6020744931662
6.	0.6088222674644773
5.8	0.615661554344234
5.6	0.622575157175902
5.4	0.6295392876605522
5.2	0.6336588276244052
5.	0.6413444437898278
30.	0.3420530433461588
30.2	0.3416145746451673
30.4	0.34118332458866674
30.6	0.3407591352016157
30.8	0.3403418527110387
31.	0.33993132779933377
31.2	0.33952741455809576
31.4	0.33912997155989827
31.6	0.33873886068894876
31.8	0.33835394750813186
32.	0.3379751013134547
32.2	0.3376021945275937
32.4	0.33723510308270904
32.6	0.3368737060221892
32.8	0.33651788549494793
33.	0.33616752667212985
33.2	0.33582251759322335
33.4	0.33548274923038135
33.6	0.33514811518387616
33.8	0.33481851181447375
34.	0.33449383806993543
34.2	0.3341739952929368
34.4	0.3338588873211163
34.6	0.3335484205234646
34.8	0.33324250319379284
35.	0.33294104627698756
35.2	0.3326439626278034
35.4	0.33235116728374964
35.6	0.33206257717256943
35.8	0.3317781115680467
36.	0.331497691252876
36.2	0.33122123921576047
36.4	0.3309486800499398
36.6	0.3306799402074849
36.8	0.3304149479374072
37.	0.3301536329776728
37.2	0.3298959268926658
37.4	0.3296417626941145
37.6	0.3293910750022869
37.8	0.32914379990951403
38.	0.3288998749155802
38.2	0.3286592390537281
38.4	0.3284218326707149
38.6	0.3281875974306918
38.8	0.32795647643205694
39.	0.32772841383550994
39.2	0.32750335520942553
39.4	0.3272812472925278
39.6	0.32706203792288635
39.8	0.3268456761886591
40.	0.32663211221918687
40.2	0.32642129726263325
40.4	0.3262131836022966
40.6	0.3260077246013787
40.8	0.32580487454544255
41.	0.3256045887824433
41.2	0.3254068235132427
41.4	0.3252115359990317
41.6	0.32501868428072717
41.8	0.3248282273880777
42.	0.3246401250836812
42.2	0.32445433811585606
42.4	0.32427082795005396
42.6	0.32408955686111396
42.8	0.3239104879594459
43.	0.32373358505059086
43.2	0.32355881269687725
43.4	0.32338613624216206
43.6	0.3232155216287912
43.8	0.3230469355768665
44.	0.32288034540086075
44.2	0.32271571919483744
44.4	0.322553025515876
44.6	0.32239223370819314
44.8	0.3222333136431597
45.	0.3220762358180161
45.2	0.3219209712702465
45.4	0.32176749165591945
45.6	0.3216157691286362
45.8	0.32146577647377383
46.	0.3213174868667281
46.2	0.32117087415272877
46.4	0.32102591257250807
46.6	0.32088257690859484
46.8	0.32074084240838735
47.	0.32060068479813
47.2	0.3204620802602178
47.4	0.3203250054226109
47.6	0.32018943736631883
47.8	0.320055353618744
48.	0.31992273205268856
48.2	0.3197915510356164
48.4	0.3196617892952703
48.6	0.3195334259666623
48.8	0.31940644055745904
49.	0.3192808129506323
49.2	0.31915652341909095
49.4	0.3190335525589469
49.6	0.31891188134207543
49.8	0.3187914910971271
50.	0.3186723634463642