30.	8.684552726226501e-8
29.8	9.011289803722075e-8
29.6	9.352210576033775e-8
29.4	9.701896891708292e-8
29.2	1.0076659765795726e-7
29.	1.0461466571754092e-7
28.8	1.0862356478502934e-7
28.6	1.1279513564903615e-7
28.4	1.1715562448147167e-7
28.2	1.216911639799385e-7
28.	1.264249820971646e-7
27.8	1.313538053604574e-7
27.6	1.364975942938952e-7
27.4	1.418555060009633e-7
27.2	1.4741904147744271e-7
27.	1.5327470897331937e-7
26.8	1.5934383228697513e-7
26.6	1.6569769344979777e-7
26.4	1.7231123548222935e-7
26.2	1.792214374387993e-7
26.	1.8643003327766957e-7
25.8	1.9395030763503075e-7
25.6	2.0180361330325547e-7
25.4	2.1000099549519974e-7
25.2	2.1855545713376459e-7
25.	2.2748949735662624e-7
24.8	2.3682199983559207e-7
24.6	2.46563582120033e-7
24.4	2.567403900256994e-7
24.2	2.673713953424299e-7
24.	2.784762940667927e-7
23.8	2.900777606273678e-7
23.6	3.021981974728163e-7
23.4	3.1485883414281633e-7
23.2	3.280901916058131e-7
23.	3.419210350714709e-7
22.8	3.5636517135518126e-7
22.6	3.714661630962717e-7
22.4	3.872453568584451e-7
22.2	4.03737694311071e-7
22.	4.2097336604529283e-7
21.8	4.389892650173147e-7
21.6	4.57810380455341e-7
21.4	4.774778844814546e-7
21.2	4.980326940829563e-7
21.	5.195066073984448e-7
20.8	5.419426920756727e-7
20.6	5.653821785608329e-7
20.4	5.89875425310188e-7
20.2	6.154418979109574e-7
20.	6.421079817717262e-7
19.8	6.699535995933025e-7
19.6	6.990121777160066e-7
19.4	7.293620969319784e-7
19.2	7.609258409985989e-7
19.	7.938803021667774e-7
18.8	8.281518046090192e-7
18.6	8.63851568607034e-7
18.4	9.009875051088681e-7
18.2	9.395677494259734e-7
18.	9.79629276086662e-7
17.8	1.0211652460350341e-6
17.6	1.0641988459998447e-6
17.4	1.1086717657025728e-6
17.2	1.1545673231007062e-6
17.	1.2018943823233428e-6
16.8	1.2505108649839344e-6
16.6	1.3003325708284067e-6
16.4	1.3512010937107264e-6
16.2	1.40298130004243e-6
16.	1.4553217693126394e-6
15.8	1.5080143337692703e-6
15.6	1.5606269784703461e-6
15.4	1.612695564791028e-6
15.2	1.6635797659909312e-6
15.	1.7125420191135816e-6
14.8	1.7586026276476025e-6
14.6	1.8007680865117384e-6
14.4	1.8373703217605733e-6
14.2	1.8668220554699548e-6
14.	1.8869346828817953e-6
13.8	1.8950351105214781e-6
13.6	1.8878865018952145e-6
13.4	1.8613523767999408e-6
13.2	1.8105850893870133e-6
13.	1.7291945512023057e-6
12.8	1.6097112493528922e-6
12.6	1.442509735952016e-6
12.4	1.2157375894160579e-6
12.2	9.144142584064103e-7
12.	5.201907675977724e-7
11.8	9.47784229327283e-9
11.6	-6.474969928431658e-7
11.4	-1.4878345232626382e-6
11.2	-2.5592777064449456e-6
11.	-3.922558361679735e-6
10.8	-5.655206270337422e-6
10.6	-7.857629219133172e-6
10.4	-0.000010659072051124087
10.2	-0.000014227203171911115
10.	-0.000018780837460288552
30.	8.684552726226501e-8
30.2	8.369840542991525e-8
30.4	8.068079117594807e-8
30.6	7.778024472876654e-8
30.8	7.499340600578615e-8
31.	7.231512096231773e-8
31.2	6.974070798642942e-8
31.4	6.726662498404479e-8
31.6	6.488619747027984e-8
31.8	6.260156193509914e-8
32.	6.039777768362806e-8
32.2	5.8283958236886244e-8
32.4	5.628277222829906e-8
32.6	5.432213319881129e-8
32.8	5.241050384625078e-8
33.	5.0576573468152294e-8
33.2	4.885665741041319e-8
33.4	4.7178450396859055e-8
33.6	4.556294330857275e-8
33.8	4.4007830296663124e-8
34.	4.2512315754441216e-8
34.2	4.106092812914662e-8
34.4	3.96832610793489e-8
34.6	3.8345776425646873e-8
34.8	3.705751795697858e-8
35.	3.581655506501639e-8
35.2	3.4622039497409874e-8
35.4	3.3469551204320825e-8
35.6	3.235984065141053e-8
35.8	3.1290093674234954e-8
36.	3.025880371082267e-8
36.2	2.926528367996363e-8
36.4	2.8306127679158657e-8
36.6	2.7382489160052593e-8
36.8	2.64905803741012e-8
37.	2.5630587003042397e-8
37.2	2.4802040179490512e-8
37.4	2.4001958103374503e-8
37.6	2.3229765007924067e-8
37.8	2.2484736968484344e-8
38.	2.1766689789933704e-8
38.2	2.110166223711496e-8
38.4	2.0403017204712067e-8
38.6	1.9756140458767348e-8
38.8	1.9132702895793396e-8
39.	1.853314948039601e-8
39.2	1.7948736728369375e-8
39.4	1.7386661192241013e-8
39.6	1.68440858453194e-8
39.8	1.6319592704371154e-8
40.	1.5807708192465405e-8
40.2	1.5326160242340155e-8
40.4	1.4851440029311236e-8
40.6	1.4393989423356842e-8
40.8	1.3965030509561192e-8
41.	1.3525965099136718e-8
41.2	1.3111727894334835e-8
41.4	1.271488255320653e-8
41.6	1.2329355425870651e-8
41.8	1.1956296091433297e-8
42.	1.1595845572886082e-8
42.2	1.12678598693367e-8
42.4	1.0909987422986331e-8
42.6	1.0583938916522646e-8
42.8	1.0268077373074524e-8
43.	9.962729048332167e-9
43.2	9.667440414742077e-9
43.4	9.381206200483243e-9
43.6	9.104777537230529e-9
43.8	8.837014739971317e-9
44.	8.577820467087226e-9
44.2	8.326900340358184e-9
44.4	8.084095010122294e-9
44.6	7.848786703464626e-9
44.8	7.621181918115913e-9
45.	7.400089130026476e-9
45.2	7.186910820250551e-9
45.4	6.980245032757726e-9
45.6	6.779622981604951e-9
45.8	6.585500693731041e-9
46.	6.397656765516529e-9
46.2	6.215275906554587e-9
46.4	6.038662419340512e-9
46.6	5.8676914836524354e-9
46.8	5.7017381219280464e-9
47.	5.541098997603771e-9
47.2	5.385250675451009e-9
47.4	5.232891395422037e-9
47.6	5.087952731772974e-9
47.8	4.945964866809558e-9
48.	4.8083534004038355e-9
48.2	4.674998238069922e-9
48.4	4.54529996404873e-9
48.6	4.419928840805532e-9
48.8	4.2981215243081065e-9
49.	4.1799907290705814e-9
49.2	4.0654175641505765e-9
49.4	3.9542133405685375e-9
49.6	3.846284516216866e-9
49.8	3.741600774487954e-9
50.	3.640134886344879e-9