2.5	1.4066478302991421e-8
2.475	1.3477582892752789e-8
2.45	1.293067501673535e-8
2.425	1.239914795948312e-8
2.4	1.1882567015684579e-8
2.375	1.1380826178224362e-8
2.3499999999999996	1.0893617783667627e-8
2.3249999999999997	1.0420914202138436e-8
2.3000000000000003	9.962389243085307e-9
2.275	9.517765593503485e-9
2.25	9.087005494034458e-9
2.225	8.669721675733326e-9
2.2	8.265869614077988e-9
2.175	7.875100428498855e-9
2.15	7.49729348619303e-9
2.125	7.131834767198402e-9
2.1	6.7794909257271675e-9
2.0749999999999997	6.438854036327963e-9
2.0500000000000003	6.110428280082992e-9
2.0250000000000004	5.79384849925473e-9
2.	5.4884170890235e-9
1.975	5.1943937660743525e-9
1.9500000000000002	4.911417038706604e-9
1.925	4.638841834192502e-9
1.9	4.376727611641981e-9
1.875	4.1247568967582535e-9
1.85	3.882376499400848e-9
1.825	3.64938438555843e-9
1.7999999999999998	3.4252151527577006e-9
1.775	3.209678877117408e-9
1.75	3.0022661414824892e-9
1.7249999999999999	2.8032933343831104e-9
1.6999999999999997	2.6101694257256977e-9
1.6749999999999998	2.4237725140210594e-9
1.65	2.243630833092908e-9
1.625	2.068749435213865e-9
1.6	1.89840603760481e-9
1.575	1.7317442417962216e-9
1.55	1.5679069197367708e-9
1.525	1.4058425178758536e-9
1.5	1.244473591761527e-9
1.475	1.0824091190138775e-9
1.4500000000000002	9.182780656963611e-10
1.4250000000000003	7.5064883777726e-10
1.4000000000000001	5.811788587873421e-10
1.375	3.97452333942139e-10
1.35	2.0737520780996884e-10
1.3250000000000002	5.899723493705403e-12
1.3	-2.1343897311724723e-10
1.275	-4.4486668521892426e-10
1.25	-7.005046399488397e-10
1.225	-9.825529798276666e-10
1.2	-1.29252280070417e-9
1.1749999999999998	-1.6366745727466195e-9
1.15	-2.0218405292695274e-9
1.125	-2.4526280137002465e-9
1.0999999999999999	-2.936639581479654e-9
1.0750000000000002	-3.48067401369816e-9
1.05	-4.093317950772853e-9
1.0250000000000001	-4.783607500611119e-9
1.	-5.563018536437264e-9
0.9750000000000001	-6.440711718894286e-9
0.95	-7.434209448737382e-9
0.925	-8.547829756456687e-9
0.8999999999999999	-9.80883353345014e-9
0.875	-1.122689863134306e-8
0.8499999999999999	-1.282231868051783e-8
0.825	-1.461670827691597e-8
0.7999999999999998	-1.6631971138705298e-8
0.7750000000000001	-1.8894903414832954e-8
0.7500000000000001	-2.142731356434785e-8
0.7250000000000001	-2.42725496286761e-8
0.7000000000000001	-2.7458239547659363e-8
0.675	-3.100481379866694e-8
0.65	-3.497026482897723e-8
0.625	-3.939413243984513e-8
0.6	-4.4323924388240505e-8
0.575	-4.9809127646218333e-8
0.5499999999999999	-5.590692453401821e-8
0.5249999999999999	-6.268418276212027e-8
0.4999999999999999	-7.019704094184574e-8
0.47499999999999987	-7.852623247532546e-8
0.4500000000000001	-8.775326513690676e-8
0.4250000000000001	-9.795889196769521e-8
0.4000000000000001	-1.092398080792906e-7
0.37500000000000006	-1.2169731698150643e-7
0.35000000000000003	-1.354420219755757e-7
0.325	-1.505936525360948e-7
0.3	-1.672822562942229e-7
0.27499999999999997	-1.8564824664107873e-7
0.24999999999999994	-2.058438535058341e-7
0.22499999999999992	-2.2803498903973638e-7
0.1999999999999999	-2.523990842213375e-7
0.17499999999999988	-2.79129126209765e-7
0.15000000000000013	-3.0843353177246214e-7
0.1250000000000001	-3.405367082135996e-7
0.10000000000000009	-3.756827674203637e-7
0.07500000000000007	-4.141328871489274e-7
0.050000000000000044	-4.561711293417519e-7
0.025000000000000022	-5.021026636721764e-7
0.	-5.522556415517628e-7
2.5	1.4066478302991421e-8
2.525	1.4617360670913575e-8
2.55	1.5212540173578783e-8
2.575	1.5821226640362314e-8
2.6	1.6446111337071808e-8
2.625	1.708820853042037e-8
2.6500000000000004	1.774689637295806e-8
2.6750000000000003	1.8422272943802374e-8
2.7	1.911465319123837e-8
2.725	1.982418044128315e-8
2.75	2.0551059971698236e-8
2.7750000000000004	2.129545099469273e-8
2.8000000000000003	2.20497031165066e-8
2.8249999999999997	2.283743242841755e-8
2.8500000000000005	2.363594526909188e-8
2.875	2.445232831322246e-8
2.9	2.5287347671146554e-8
2.925	2.614024302916369e-8
2.9499999999999997	2.7013874683977787e-8
2.9749999999999996	2.7905484412443962e-8
3.	2.8817194865685888e-8
3.025	2.9746959391901795e-8
3.05	3.069749505418808e-8
3.075	3.1666527156581094e-8
3.1	3.2657618955656027e-8
3.125	3.3668246432421205e-8
3.15	3.4695027570462277e-8
3.175	3.57507001387022e-8
3.2	3.682349667533339e-8
3.225	3.791558206789685e-8
3.25	3.903150217356049e-8
3.2750000000000004	4.017053565299599e-8
3.3000000000000003	4.132619144209127e-8
3.325	4.250643542256143e-8
3.35	4.370783483197798e-8
3.375	4.493320290056017e-8
3.3999999999999995	4.616998442792745e-8
3.4250000000000003	4.744911769952065e-8
3.4499999999999997	4.8742208580113265e-8
3.4750000000000005	5.004995072778408e-8
3.5	5.139961996299644e-8
3.525	5.2760970210425644e-8
3.55	5.4148138759934204e-8
3.5749999999999997	5.555740270270398e-8
3.5999999999999996	5.69918213537285e-8
3.625	5.844635584863395e-8
3.65	5.993553460780348e-8
3.675	6.144590536826713e-8
3.7	6.297777079961694e-8
3.725	6.453668217693809e-8
3.75	6.6124184571097e-8
3.775	6.773141257651816e-8
3.8	6.9362776449004e-8
3.825	7.103268577639652e-8
3.85	7.272098328429922e-8
3.875	7.443525712762457e-8
3.9000000000000004	7.617613053768331e-8
3.925	7.794540979361867e-8
3.95	7.977347157963673e-8
3.9749999999999996	8.156571656744082e-8
4.	8.34175238169171e-8
4.0249999999999995	8.529729600898539e-8
4.050000000000001	8.720487725768359e-8
4.074999999999999	8.914398440061456e-8
4.1000000000000005	9.110585292089075e-8
4.125	9.309937722203605e-8
4.15	9.5121742632662e-8
4.175	9.717285375508067e-8
4.2	9.925380171872024e-8
4.225	1.0136941393872744e-7
4.25	1.0350780239911515e-7
4.275	1.0567829340170661e-7
4.3	1.0788012906525273e-7
4.325	1.1011138651922697e-7
4.35	1.1237524130850177e-7
4.375	1.146688740384587e-7
4.4	1.1699387379672244e-7
4.425	1.1935346563701636e-7
4.45	1.2173970258836677e-7
4.475	1.2416133070656675e-7
4.5	1.266172767453668e-7
4.525	1.2910263922226828e-7
4.55	1.3161539172443736e-7
4.575	1.3417057957501586e-7
4.6	1.367562247126716e-7
4.625	1.3937121783905893e-7
4.6499999999999995	1.420242363944518e-7
4.675000000000001	1.447123630947859e-7
4.699999999999999	1.4742938432198688e-7
4.7250000000000005	1.5018453292272097e-7
4.75	1.5297345546931347e-7
4.775	1.557973691536097e-7
4.8	1.5865361595586868e-7
4.825	1.6154951425226557e-7
4.85	1.6448074381343136e-7
4.875	1.67443470226342e-7
4.9	1.70444314024438e-7
4.925	1.7347711024932961e-7
4.95	1.7655611814682277e-7
4.975	1.7966299163221788e-7
5.	1.828143882760378e-7
5.0249999999999995	1.859911643526442e-7
5.05	1.892157443234243e-7
5.075000000000001	1.9247272518662125e-7
5.1	1.957736556994337e-7
5.125	1.9910434614609658e-7
5.15	2.0247669350985056e-7
5.175000000000001	2.058874640276347e-7
5.2	2.09338608599679e-7
5.225	2.1282679666270934e-7
5.25	2.1635462399161807e-7
5.275	2.1992233216347825e-7
5.300000000000001	2.235291405993786e-7
5.324999999999999	2.271791304924985e-7
5.35	2.308643505031565e-7
5.375	2.3458556729507393e-7
5.4	2.3835716421858424e-7
5.425	2.4216713270314156e-7
5.449999999999999	2.46014616876181e-7
5.475	2.4990789365509197e-7
5.5	2.538339573908951e-7
5.525	2.5780647084404394e-7
5.549999999999999	2.618251370029758e-7
5.575	2.6587832562965275e-7
5.6000000000000005	2.699769983197435e-7
5.625	2.741173351727686e-7
5.6499999999999995	2.783016615637143e-7
5.675	2.825337847989762e-7
5.700000000000001	2.8680025624853395e-7
5.725	2.911168628533729e-7
5.75	2.954666710404339e-7
5.775	2.998707499102656e-7
5.800000000000001	3.043144173634987e-7
5.825	3.0879901827231024e-7
5.85	3.13329075550901e-7
5.875	3.179072319261974e-7
5.9	3.2252731332979785e-7
5.925000000000001	3.271935933614295e-7
5.949999999999999	3.319086469605972e-7
5.975	3.366616489545744e-7
6.	3.4146338069697505e-7
6.025	3.463123617789374e-7
6.05	3.51198824212974e-7
6.074999999999999	3.561428519014285e-7
6.1	3.6112196705824514e-7
6.125	3.6615692555478753e-7
6.15	3.7125144014895474e-7
6.174999999999999	3.7635052574804063e-7
6.2	3.8157373111227965e-7
6.2250000000000005	3.8675052745731716e-7
6.25	3.920152139743127e-7
6.2749999999999995	3.9732712300995234e-7
6.3	4.026834288315367e-7
6.325000000000001	4.081580650055823e-7
6.35	4.135522572050171e-7
6.375	4.190578117957402e-7
6.4	4.246687684968183e-7
6.425000000000001	4.3021057203782436e-7
6.45	4.358646021489536e-7
6.475	4.4156362131919573e-7
6.5	4.472988505439966e-7
6.525	4.531026942555155e-7
6.550000000000001	4.5894279692528056e-7
6.574999999999999	4.6484206158852536e-7
6.6	4.707744274013128e-7
6.625	4.767682140605495e-7
6.65	4.828120138899385e-7
6.675	4.889213684932904e-7
6.699999999999999	4.950589783144259e-7
6.725	5.012467803749722e-7
6.75	5.075019533895207e-7
6.775	5.137958519050107e-7
6.799999999999999	5.201382585390233e-7
6.825	5.265201595773412e-7
6.8500000000000005	5.329721260507553e-7
6.875	5.394768896293577e-7
6.8999999999999995	5.460214609499554e-7
6.925	5.526228256370517e-7
6.950000000000001	5.592615578494977e-7
6.975	5.659807838752185e-7
7.	5.727314206604236e-7
7.025	5.795323210789202e-7
7.050000000000001	5.863807246782554e-7
7.075	5.932893619337113e-7
7.1	6.002602980914878e-7
7.125	6.072740577357737e-7
7.15	6.143347582312512e-7
7.175000000000001	6.214464607589746e-7
7.199999999999999	6.286131785345238e-7
7.225	6.358389769936201e-7
7.25	6.431206467665729e-7
7.275	6.504405450191794e-7
7.3	6.578181948911514e-7
7.324999999999999	6.652701571818375e-7
7.35	6.727400986354957e-7
7.375	6.802788378251472e-7
7.4	6.878870529455788e-7
7.424999999999999	6.955134687187645e-7
7.45	7.03213868141659e-7
7.4750000000000005	7.109653587938396e-7
7.5	7.187705262448957e-7