30.	3.6130411719548376e-7
29.8	3.7269991685482095e-7
29.6	3.8448175153667903e-7
29.4	3.966641536583024e-7
29.2	4.0920639060559926e-7
29.	4.2228023973096997e-7
28.8	4.3581488876189913e-7
28.6	4.4967575389634883e-7
28.4	4.640782855962551e-7
28.2	4.789814037152319e-7
28.	4.943858964847425e-7
27.8	5.103217178220122e-7
27.6	5.268085667582865e-7
27.4	5.438654054418978e-7
27.2	5.615076972745469e-7
27.	5.797605711692551e-7
26.8	5.986473362303672e-7
26.6	6.181883283462161e-7
26.4	6.384099705510156e-7
26.2	6.593302987406626e-7
26.	6.809900482337848e-7
25.8	7.033794812409416e-7
25.6	7.265564109309014e-7
25.4	7.505615198365527e-7
25.2	7.753947358799818e-7
25.	8.010993808837833e-7
24.8	8.277015918846874e-7
24.6	8.552377186115921e-7
24.4	8.837366089784073e-7
24.2	9.132369000942203e-7
24.	9.437766323224144e-7
23.8	9.75375234149615e-7
23.6	1.0081043287665737e-6
23.4	1.041975129380977e-6
23.2	1.0770356651860515e-6
23.	1.1133287260637632e-6
22.8	1.1508918651949977e-6
22.6	1.1897862614128973e-6
22.4	1.230042654003066e-6
22.2	1.271711040442516e-6
22.	1.3148442082062836e-6
21.8	1.359481889053133e-6
21.6	1.4056789415820926e-6
21.4	1.4535242477750844e-6
21.2	1.5030298066065363e-6
21.	1.5542601337306339e-6
20.8	1.6072770895057556e-6
20.6	1.6621387513934294e-6
20.4	1.7189097260531544e-6
20.2	1.7776434354945716e-6
20.	1.8384145037113218e-6
19.8	1.9012823301524278e-6
19.6	1.966298877289731e-6
19.4	2.0335612134318476e-6
19.2	2.1031064486996203e-6
19.	2.175036772581289e-6
18.8	2.249379874823466e-6
18.6	2.326261207089622e-6
18.4	2.4056722780370138e-6
18.2	2.487782890197461e-6
18.	2.572555905058095e-6
17.8	2.6601431991950457e-6
17.6	2.75059694190504e-6
17.4	2.8439739681433474e-6
17.2	2.940346910999905e-6
17.	3.039804310084954e-6
16.8	3.142463607790978e-6
16.6	3.2481541116863772e-6
16.4	3.357184429266423e-6
16.2	3.469582986389269e-6
16.	3.585275465449439e-6
15.8	3.704345734225014e-6
15.6	3.82687279008506e-6
15.4	3.952850914322541e-6
15.2	4.082312822476989e-6
15.	4.215284331684718e-6
14.8	4.351740163360996e-6
14.6	4.491665155803891e-6
14.4	4.635050338984119e-6
14.2	4.78182144026519e-6
14.	4.931923612555887e-6
13.8	5.0852606180962944e-6
13.6	5.2417561977318e-6
13.4	5.40114351155585e-6
13.2	5.563381293220297e-6
13.	5.728137795317993e-6
12.8	5.895370027324749e-6
12.6	6.0645723644512674e-6
12.4	6.2354719699105106e-6
12.2	6.407672188188629e-6
12.	6.580720936689498e-6
11.8	6.754088624479444e-6
11.6	6.927176150347494e-6
11.4	7.099316264419131e-6
11.2	7.2697419449690545e-6
11.	7.437600300491165e-6
10.8	7.601909999160526e-6
10.6	7.761607250041158e-6
10.4	7.915487724072727e-6
10.2	8.062205640246571e-6
10.	8.200301332582423e-6
10.	8.20029708370017e-6
9.8	8.328115328967177e-6
9.6	8.443874589412424e-6
9.4	8.54559098514564e-6
9.2	8.631084504908922e-6
9.	8.697951490169282e-6
8.8	8.743375535264e-6
8.6	8.764674168608356e-6
8.4	8.758232854265829e-6
8.2	8.71994772227781e-6
8.	8.644530569895075e-6
7.8	8.524718501486333e-6
7.6	8.349568191587888e-6
7.4	8.101200429656856e-6
7.2	7.748231610031297e-6
7.	7.2329258411410884e-6
6.8	6.445438648014749e-6
6.6	5.171816632907797e-6
6.4	2.9895673397611344e-6
6.2	-9.433378151253329e-7
6.	-8.309447110796992e-6
5.8	-0.000022467367971776134
5.6	-0.000050059931001949724
5.4	-0.00010399621761490706
5.2	-0.00020862366842241194
5.	-0.00040781799409384515
4.8	-0.0007757003491421969
4.6	-0.001427285023083798
4.4	-0.0025236620315373893
4.2	-0.004266763959080913
4.	-0.006884383831623555
30.	3.6130411719548376e-7
30.2	3.502045329967937e-7
30.4	3.3961714477708167e-7
30.6	3.2933428476412804e-7
30.8	3.1932089790091107e-7
31.	3.096640041564933e-7
31.2	3.0030222875333595e-7
31.4	2.912765138330314e-7
31.6	2.8252995549446197e-7
31.8	2.7406062441624284e-7
32.	2.658607446389306e-7
32.2	2.579270791542999e-7
32.4	2.50247737709048e-7
32.6	2.428133359072761e-7
32.8	2.356139894751741e-7
33.	2.2864842204605918e-7
33.2	2.2190438393121295e-7
33.4	2.153715546717903e-7
33.6	2.090426455743094e-7
33.8	2.029160135749028e-7
34.	1.9698539085666636e-7
34.2	1.912393625227887e-7
34.4	1.8566917587746752e-7
34.6	1.8027913326702862e-7
34.8	1.750534989949137e-7
35.	1.6999212861032418e-7
35.2	1.6509060394813133e-7
35.4	1.6033748628567486e-7
35.6	1.5573342515863904e-7
35.8	1.5127401822024648e-7
36.	1.4694799890411867e-7
36.2	1.4276034688423524e-7
36.4	1.3869793713365253e-7
36.6	1.3476051693550143e-7
36.8	1.3093556447822923e-7
37.	1.2725674320384854e-7
37.2	1.2365553341249166e-7
37.4	1.2017551718269042e-7
37.6	1.1680855465614938e-7
37.8	1.1352898058951798e-7
38.	1.1035819513753297e-7
38.2	1.072816266860625e-7
38.4	1.0429525184007717e-7
38.6	1.0140229152540987e-7
38.8	9.85134539854115e-8
39.	9.586915850094414e-8
39.2	9.322745090158467e-8
39.4	9.066470446522853e-8
39.6	8.817605490445743e-8
39.8	8.576066927520427e-8
40.	8.341891616445237e-8
40.2	8.114431427487956e-8
40.4	7.893634518514959e-8
40.6	7.679644180703721e-8
40.8	7.471478953523168e-8
41.	7.269654676966578e-8
41.2	7.07365446188251e-8
41.4	6.883382876684929e-8
41.6	6.698680460276825e-8
41.8	6.519261941685391e-8
42.	6.345073794731584e-8
42.2	6.175877318433304e-8
42.4	6.011646717557698e-8
42.6	5.852029957748283e-8
42.8	5.696987959904162e-8
43.	5.546432310796098e-8
43.2	5.399915735848008e-8
43.4	5.258050926474721e-8
43.6	5.1200477135146573e-8
43.8	4.9858581025159796e-8
44.	4.855512995115615e-8
44.2	4.728905789951426e-8
44.4	4.6058109707943916e-8
44.6	4.4888770173280004e-8
44.8	4.369882094533116e-8
45.	4.256835810395593e-8
45.2	4.147098155517481e-8
45.4	4.0402267651273974e-8
45.6	3.936453492858602e-8
45.8	3.83545511366178e-8
46.	3.7373431035679074e-8
46.2	3.6419189950388735e-8
46.4	3.548538156767277e-8
46.6	3.458904307785397e-8
46.8	3.371090975594733e-8
47.	3.285726240415103e-8
47.2	3.202773645934155e-8
47.4	3.1220229908971604e-8
47.6	3.043396023238603e-8
47.8	2.9669834611080217e-8
48.	2.8926722598483952e-8
48.2	2.8203186139673917e-8
48.4	2.7499034061189688e-8
48.6	2.681395017711335e-8
48.8	2.6129165234120447e-8
49.	2.550002461346687e-8
49.2	2.4869385305927508e-8
49.4	2.4246119937731676e-8
49.6	2.3650991890724933e-8
49.8	2.307552619677131e-8
50.	2.2508571314595338e-8