30.	3.6839255659740264e-6
29.8	3.7401316029549603e-6
29.6	3.7975151122518087e-6
29.4	3.85600019478359e-6
29.2	3.9156474236228056e-6
29.	3.9765044402855034e-6
28.8	4.038583246999983e-6
28.6	4.101889425968774e-6
28.4	4.166564680025205e-6
28.2	4.232492695695782e-6
28.	4.299759740835065e-6
27.8	4.368451892704563e-6
27.6	4.438512069847617e-6
27.4	4.510097105133685e-6
27.2	4.583128930666449e-6
27.	4.657704902360841e-6
26.8	4.7338058839212616e-6
26.6	4.811592785821632e-6
26.4	4.890963870793897e-6
26.2	4.972067112412533e-6
26.	5.0548919747290976e-6
25.8	5.139501313315279e-6
25.6	5.225895611335856e-6
25.4	5.314201211854014e-6
25.2	5.404372517251386e-6
25.	5.4966061969945785e-6
24.8	5.590837555985722e-6
24.6	5.687105022575765e-6
24.4	5.785552092518951e-6
24.2	5.886158335317678e-6
24.	5.989026840818825e-6
23.8	6.094158355494607e-6
23.6	6.201707312671425e-6
23.4	6.311677665813144e-6
23.2	6.424110931091074e-6
23.	6.539144833334026e-6
22.8	6.656796064310464e-6
22.6	6.777184040135808e-6
22.4	6.900319975251276e-6
22.2	7.026309555359557e-6
22.	7.155227033082006e-6
21.8	7.28693948101146e-6
21.6	7.422127935741012e-6
21.4	7.560132483064552e-6
21.2	7.70151192697282e-6
21.	7.846352006778393e-6
20.8	7.994592296515614e-6
20.6	8.14638726092812e-6
20.4	8.301720905919725e-6
20.2	8.46080953884751e-6
20.	8.623729516129776e-6
19.8	8.790815154658848e-6
19.6	8.961492375994797e-6
19.4	9.136505467854888e-6
19.2	9.31578347690854e-6
19.	9.49934517941115e-6
30.	3.6839255659740264e-6
30.2	3.6287763530186622e-6
30.4	3.5746502174312655e-6
30.6	3.521629935331719e-6
30.8	3.469601013146058e-6
31.	3.4185514216817426e-6
31.2	3.368423438355275e-6
31.4	3.3193373462970094e-6
31.6	3.271078939956626e-6
31.8	3.223798207781577e-6
32.	3.1773615943148626e-6
32.2	3.131789561254181e-6
32.4	3.0870191234824148e-6
32.6	3.043106839274359e-6
32.8	3.000030564858388e-6
33.	2.9577053901071555e-6
33.2	2.9161621523625738e-6
33.4	2.875359634498505e-6
33.6	2.835325627704521e-6
33.8	2.795951368102974e-6
34.	2.75727467802583e-6
34.2	2.7193755892674824e-6
34.4	2.68211065056308e-6
34.6	2.6455007852439464e-6
34.8	2.6094760657505674e-6
35.	2.5741799712936745e-6
19.	9.499318752088804e-6
18.8	9.687410589646635e-6
18.6	9.880064215294122e-6
18.4	0.000010077378478452414
18.2	0.000010279511050350736
18.	0.0000104868282218228
17.8	0.00001069862927101959
17.6	0.000010915808839099111
17.4	0.000011138309339494162
17.2	0.000011366098747753912
17.	0.000011599398666181268
16.8	0.000011838245164506197
16.6	0.000012082729597357814
16.4	0.00001233295505194281
16.2	0.000012588994998149417
16.	0.000012850844477114097
15.8	0.000013118622808328707
15.6	0.00001339229816410549
15.4	0.000013671845968462943
15.2	0.000013957153820678085
15.	0.000014248191860460546
14.8	0.00001454479583927666
14.6	0.000014846727283829262
14.4	0.000015153611126577209
14.2	0.00001546520895992212
14.	0.000015780747186917154
13.8	0.000016099556145339043
13.6	0.000016420815117466276
13.4	0.000016743182717536063
13.2	0.000017065270363912526
13.	0.00001738508626006046
35.	2.5741739923226865e-6
35.2	2.5394560005704158e-6
35.4	2.505316076584144e-6
35.6	2.471786744169186e-6
35.8	2.438850368932489e-6
36.	2.4064583892106066e-6
36.2	2.3746263277574575e-6
36.4	2.343332951421275e-6
36.6	2.3125971556421984e-6
36.8	2.282383851280472e-6
37.	2.2526249573477744e-6
37.2	2.223442599464222e-6
37.4	2.194682789227757e-6
37.6	2.1664135018031866e-6
37.8	2.1386430970774045e-6
38.	2.1113196209625873e-6
38.2	2.084449015608501e-6
38.4	2.058017844614323e-6
38.6	2.032018204057392e-6
38.8	2.0064453991976268e-6
39.	1.9812667323888834e-6
39.2	1.956527695194517e-6
39.4	1.932158887185829e-6
39.6	1.9082057254851344e-6
39.8	1.8846350748059797e-6
40.	1.8614205344300348e-6
40.2	1.8385889030199994e-6
40.4	1.8161257567075532e-6
40.6	1.7940009661837363e-6
40.8	1.7722302024240575e-6
41.	1.7507954071664121e-6
41.2	1.7297037415606173e-6
41.4	1.7089410640404218e-6
41.6	1.688495136306103e-6
41.8	1.6683653415101071e-6
42.	1.6485615992037643e-6
42.2	1.629046657216253e-6
42.4	1.6098147051208442e-6
42.6	1.5909107380397486e-6
42.8	1.5722628150481497e-6
43.	1.5539151252064418e-6
13.	0.00001738507957430397
12.8	0.000017700229437356148
12.6	0.000018007520913405817
12.4	0.000018303114048420163
12.2	0.00001858199967959407
12.	0.000018837723452311722
11.8	0.000019062196531431718
11.6	0.000019244870655527526
11.4	0.00001937225679034173
11.2	0.000019426974998180008
11.	0.00001938630174323335
10.8	0.000019220670330425752
10.6	0.000018891381214152194
10.4	0.000018347296585311566
10.2	0.000017520911375349505
10.	0.000016322133826229077
9.8	0.000014630478319798173
9.6	0.000012283748190839878
9.4	9.062511557136318e-6
9.2	4.668352369349625e-6
9.	-1.3072040481150993e-6
8.8	-9.424946565170816e-6
8.6	-0.000020459961323308496
8.4	-0.00003548703804213955
8.2	-0.0000560021627402632
8.	-0.00008409452094210797
7.8	-0.0001226879257679844
7.6	-0.00017587494825481762
7.4	-0.0002493826896564498
7.2	-0.0003512000132946916
7.	-0.0004924151333976091
6.8	-0.000688292265646886
6.6	-0.0009596033779420188
6.4	-0.001334196171591119
6.2	-0.0018487048509728203
6.	-0.002550254602938612
5.8	-0.0034979486606459267
5.6	-0.004763937295841118
5.4	-0.006433963344024931
5.2	-0.00860744179526218
5.	-0.011397320926841927
43.	1.5539169725302596e-6
43.2	1.5358291860153226e-6
43.4	1.5180330021755704e-6
43.6	1.5004929453538846e-6
43.8	1.4832130869564235e-6
44.	1.4661828059932885e-6
44.2	1.4494177191782315e-6
44.4	1.4329030131587025e-6
44.6	1.4166181515760212e-6
44.8	1.4005800940759858e-6
45.	1.3847812843932485e-6
45.2	1.3692172357865875e-6
45.4	1.35384430956654e-6
45.6	1.338731299717084e-6
45.8	1.3238277653916498e-6
46.	1.3091396482492809e-6
46.2	1.29465533148144e-6
46.4	1.2803744470594513e-6
46.6	1.2663041419881384e-6
46.8	1.252440465051603e-6
47.	1.2387574056219973e-6
47.2	1.2252743013405394e-6
47.4	1.2119912502135584e-6
47.6	1.1988644618560236e-6
47.8	1.185959012382916e-6
48.	1.1732091322202524e-6
48.2	1.1606405778777583e-6
48.4	1.1482477957632946e-6
48.6	1.1360328140786362e-6
48.8	1.1239812298131139e-6
49.	1.112085193244221e-6
49.2	1.1003623787971478e-6
49.4	1.0887947686239746e-6
49.6	1.0773850129251416e-6
49.8	1.066142183879876e-6
50.	1.0550201541257758e-6
50.2	1.0440672376493333e-6
50.4	1.0332614065807062e-6
50.6	1.0225878578828047e-6
50.8	1.0120785097347976e-6
51.	1.0016955181240382e-6
51.2	9.914542705536204e-7
51.4	9.813429622478956e-7
51.6	9.713749910081757e-7
51.8	9.615263590840187e-7
52.	9.518198534545206e-7
52.2	9.422311626232119e-7
52.4	9.327525739337239e-7
52.6	9.234307337849933e-7
52.8	9.142088370048514e-7
53.	9.051030963244017e-7