45.	0.3148153255664816
44.8	0.31493967265713796
44.6	0.3150655722173675
44.4	0.31519305001172876
44.2	0.3153221321492444
44.	0.31545284542641655
43.8	0.3155852172327837
43.6	0.31571927524433263
43.4	0.3158550481512854
43.2	0.31599256477330245
43.	0.31613185477829464
42.8	0.3162729486055285
42.6	0.3164158770275506
42.4	0.31656067168713303
42.2	0.3167073646932613
42.	0.31685598918801083
41.8	0.31700657879703736
41.6	0.31715916777201775
41.4	0.3173137913721349
41.2	0.31747048546902984
41.	0.31762928671750107
40.8	0.3177902324823624
40.6	0.3179533613692764
40.4	0.31811871223416044
40.2	0.3182863253132939
40.	0.31845624140715373
39.8	0.318628502359889
39.6	0.31880315099585993
39.4	0.3189802311621219
39.2	0.3191597874601172
39.	0.3193418657338718
38.8	0.3195265128525265
38.6	0.3197137764847048
38.4	0.31990370594895795
38.2	0.32009635103653655
38.	0.3202917633445399
37.8	0.32048999523782906
37.6	0.32069110045026655
37.4	0.3208951339819186
37.2	0.32110215216205745
37.	0.32131221272534255
36.8	0.3215253748035424
36.6	0.3217416981510668
36.4	0.3219612454233387
36.2	0.32218407978171626
36.	0.322410266180963
35.8	0.3226398710960281
35.6	0.3228729627170452
35.4	0.32310961098824204
35.2	0.32334988729459047
35.	0.3235938650878104
34.8	0.32384161965884856
34.6	0.32409322792558554
34.4	0.32434876893340003
34.2	0.3246083237632
34.	0.32487197550290625
33.8	0.32513980924989955
33.6	0.3254119127312989
33.4	0.32568837510091464
33.2	0.3259692884473235
33.	0.3262547474230868
32.8	0.3265448486869732
32.6	0.32683969159712334
32.4	0.32713937853466785
32.2	0.3274440135912969
32.	0.32775370437209717
31.8	0.32806856197784556
31.6	0.32838869884942057
31.4	0.3287142319163553
31.2	0.32904528066126465
31.	0.3293819680615664
30.8	0.32972442017527775
30.6	0.33007276649514533
30.4	0.33042714051741817
30.2	0.33078767946353616
30.	0.3311545239356639
29.8	0.3315278186498503
29.6	0.33190771261340857
29.4	0.3322943588814811
29.2	0.3326879150220402
29.	0.33308854277034544
28.8	0.3334964090585621
28.6	0.33391168548004335
28.4	0.3343345475834025
28.2	0.33476517798310446
28.	0.33520376346576264
27.8	0.3356504958679486
27.6	0.33610557377847994
27.4	0.33656920138291985
27.2	0.33704158897217457
27.	0.33752295256515763
26.8	0.3380135156981305
26.6	0.3385135081340967
26.4	0.33902316667749616
26.2	0.3395427354185121
26.	0.3400724663242952
25.8	0.3406126190783313
25.6	0.3411634607114709
25.4	0.3417252677490877
25.2	0.3422983245543521
25.	0.34288292516621904
24.8	0.34347937260467215
24.6	0.34408797957925086
24.4	0.3447090690358748
24.2	0.3453429737614103
24.	0.3459900387345237
23.8	0.34665061797835844
23.6	0.34732508061398343
23.4	0.34801380389271536
23.2	0.34871718007585906
23.	0.3494356137688881
22.8	0.35016952338394036
22.6	0.35091934106581135
22.4	0.3516855137255803
22.2	0.35246850393903767
22.	0.3532687890552145
21.8	0.354086863627775
21.6	0.3549232388479801
21.4	0.35577844362325184
21.2	0.35665302597476073
21.	0.35754755166581165
20.8	0.3584626074836783
20.6	0.35939880042762673
20.4	0.36035675920679316
20.2	0.36133713464995076
20.	0.36234060109597505
19.8	0.3633678563046022
19.6	0.3644196254410114
19.4	0.3654966565996074
19.2	0.3665997271711885
19.	0.36772964228856253
18.8	0.3688872365958677
18.6	0.37007337524268
18.4	0.37128895489547875
18.2	0.37253490637232967
18.	0.3738121933629767
17.8	0.37512181622455004
17.6	0.37646481220528244
17.4	0.37784225680561784
17.2	0.3792552661721594
17.	0.3807049975750793
16.8	0.382192651733287
16.6	0.3837194731332387
16.4	0.38528675353494846
16.2	0.3868958323151185
16.	0.3885480986583604
15.8	0.39024499262202517
15.6	0.39198800761470076
15.4	0.393778691274982
15.2	0.39561864791031426
15.	0.3975095393514262
14.8	0.39945308634009097
14.6	0.40145107120951706
14.4	0.4035053368735793
14.2	0.4056177898277303
14.	0.40779040059581867
13.8	0.4100252040631115
13.6	0.4123242983329651
13.4	0.41468984709419204
13.2	0.41712407694900944
13.	0.4196292766136997
12.8	0.4222077943990779
12.6	0.4248620363742872
12.4	0.42759445999119544
12.2	0.43040757117695383
12.	0.4333039159460916
11.8	0.43628607246257806
11.6	0.43935664008065767
11.4	0.4425182275798507
11.2	0.4457734374729749
11.	0.44912484803170094
10.8	0.45257499281556735
10.6	0.4561263361124672
10.4	0.4597812465515267
10.2	0.46354196533154357
10.	0.4674105737860298
45.	0.3148153255664816
45.2	0.3146925056907658
45.4	0.31457118876510304
45.6	0.31445135025729026
45.8	0.31433296661872173
46.	0.31421601455207376
46.2	0.31410047130816243
46.4	0.3139863146895002
46.6	0.31387352273809455
46.8	0.3137620739118317
47.	0.31365194723989426
47.2	0.31354312218383235
47.4	0.31343557827216045
47.6	0.3133292959550866
47.8	0.3132242556002424
48.	0.3131204380591519
48.2	0.3130178247248497
48.4	0.31291639699424006
48.6	0.3128161372348419
48.8	0.31271702741229584
49.	0.31261905021997916
49.2	0.31252218871146487
49.4	0.31242642607988746
49.6	0.31233174593217583
49.8	0.3122381321401667
50.	0.31214556891918405
50.2	0.31205404085003613
50.4	0.31196353245273556
50.6	0.31187402887042154
50.8	0.311785515493395
51.	0.3116979777242149
51.2	0.31161140156969463
51.4	0.311525773013034
51.6	0.31144107835235363
51.8	0.31135730423121916
52.	0.31127443765348584
52.2	0.3111924652958951
52.4	0.31111137467656236
52.6	0.31103115323079616
52.8	0.3109517885206035
53.	0.31087326887407263
53.2	0.31079558220062437
53.4	0.3107187166253952
53.6	0.3106426611383834
53.8	0.3105674041805491
54.	0.31049293491417435
54.2	0.31041924217136313
54.4	0.3103463156297686
54.6	0.31027414451780805
54.8	0.31020271863861854
55.	0.31013202774202625
55.2	0.3100620619935644
55.4	0.309992811333992
55.6	0.30992426655004046
55.8	0.3098564178012027
56.	0.3097892558521745
56.2	0.30972277152636474
56.4	0.30965695582773833
56.6	0.3095917997158557
56.8	0.3095272947556594
57.	0.3094634321757871
57.2	0.30940020382551164
57.4	0.30933760093925206
57.6	0.30927561562275463
57.8	0.30921423977555745
58.	0.30915346532940746
58.2	0.3090932848671084
58.4	0.3090336905304587
58.6	0.3089746746302569
58.8	0.3089162299976568
59.	0.3088583491991386
59.2	0.30880102515472296
59.4	0.3087442507163114
59.6	0.3086880188839581
59.8	0.30863232290053855
60.	0.3085771559684552
60.2	0.3085225114410925
60.4	0.3084683829002694
60.6	0.3084147636422564
60.8	0.3083616477848994
61.	0.3083090285747635
61.2	0.3082569003119246
61.4	0.3082052566935544
61.6	0.3081540918927952
61.8	0.308103399950343
62.	0.3080531751081309
62.2	0.30800341157933825
62.4	0.30795410412949664
62.6	0.3079052467582796
62.8	0.30785683450199486
63.	0.3078088616929884
63.2	0.30776132312020177
63.4	0.3077142136099826
63.6	0.307667528041146
63.8	0.30762126140085977
64.	0.30757540866893596
64.2	0.30752996491066276
64.4	0.3074849255525487
64.6	0.30744028553639896
64.8	0.3073960403957926
65.	0.3073521852610776
65.2	0.3073087159729448
65.4	0.3072656276929259
65.6	0.30722291617868736
65.8	0.3071805769929722
66.	0.3071386059087048
66.2	0.307096998657665
66.4	0.3070557510177298
66.6	0.30701485905848214
66.8	0.3069743185229923
67.	0.30693412556380856
67.2	0.3068942762719439
67.4	0.3068547665801679
67.6	0.306815592652839
67.8	0.3067767510234442
68.	0.3067382376544864
68.2	0.30670004898552883
68.4	0.30666218130048734
68.6	0.30662463130648343
68.8	0.30658739511461824
69.	0.3065504695223994
69.2	0.30651385111919444
69.4	0.30647753628966107
69.6	0.3064415219261175
69.8	0.30640580449986105
70.	0.3063703811309334
70.2	0.30633524822983166
70.4	0.3063004029034049
70.6	0.3062658420094697
70.8	0.30623156242612914
71.	0.30619756106950335
71.2	0.30616383497453276
71.4	0.3061303812827205
71.6	0.3060971971040477
71.8	0.30606427933619595
72.	0.3060316254549028
72.2	0.30599923234814586
72.4	0.3059670975883957
72.6	0.3059352181078285
72.8	0.30590359163104003
73.	0.3058722149938385
73.2	0.3058410860575187
73.4	0.3058102018805329
73.6	0.3057795601530036
73.8	0.3057491582767995
74.	0.3057189937491669
74.2	0.30568906420773195
74.4	0.3056593670854088
74.6	0.3056298999860586
74.8	0.3056006607476244
75.	0.30557164680003457
75.2	0.30554285610969095
75.4	0.3055142860898374
75.6	0.3054859347526287
75.8	0.30545779980082705
76.	0.30542987903648927
76.2	0.30540217029508865
76.4	0.3053746714707088
76.6	0.3053473804442981
76.8	0.30532029513716485
77.	0.3052934135029871
77.2	0.3052667334934767
77.4	0.3052402531363962
77.6	0.3052139705070549
77.8	0.3051878834419237
78.	0.3051619902205319
78.2	0.30513628886403743
78.4	0.30511077750861465
78.6	0.30508545427939865
78.8	0.305060317396818
79.	0.30503536485391697
79.2	0.30501059508046796
79.4	0.30498600621944394
79.6	0.3049615964976921
79.8	0.3049373642111073
80.	0.3049133076718709