2.5	1.473135456257023e-7
2.475	1.3785630127488627e-7
2.45	1.2881402031170455e-7
2.425	1.2016796840709522e-7
2.4	1.1191357746733037e-7
2.375	1.0404083552909938e-7
2.3499999999999996	9.654206600467736e-8
2.3249999999999997	8.940661929681759e-8
2.3000000000000003	8.26294539128326e-8
2.275	7.619971761182553e-8
2.25	7.010963963872367e-8
2.225	6.435201889865126e-8
2.2	5.88692577521548e-8
2.175	5.379200086482727e-8
2.15	4.897434057843961e-8
2.125	4.445708627188346e-8
2.1	4.022073883904933e-8
2.0749999999999997	3.6266552422176745e-8
2.0500000000000003	3.258266055910346e-8
2.0250000000000004	2.915990418506673e-8
2.	2.5989421893157647e-8
1.975	2.306245604609258e-8
1.9500000000000002	2.0368736082915073e-8
1.925	1.7899775191366897e-8
1.9	1.5644766055299913e-8
1.875	1.3598558491200039e-8
1.85	1.1742588391064377e-8
1.825	1.0077622253850993e-8
1.7999999999999998	8.57885735621678e-9
1.775	7.25251093698104e-9
1.75	6.0682587924327176e-9
1.7249999999999999	5.027051418473758e-9
1.6999999999999997	4.1109841017802816e-9
1.6749999999999998	3.3054844064733056e-9
1.65	2.5944325169293936e-9
1.625	1.9502087998231083e-9
1.6	1.3555165677156248e-9
1.575	7.629473555907833e-10
1.55	1.767056943677882e-10
1.525	-4.884574449489755e-10
1.5	-1.278361855786575e-9
1.475	-2.252148462307596e-9
1.4500000000000002	-3.5063329100670796e-9
1.4250000000000003	-5.1146208056737465e-9
1.4000000000000001	-7.268038224000462e-9
1.375	-1.0116188087065087e-8
1.35	-1.359306198223277e-8
1.3250000000000002	-1.8119280224576127e-8
1.3	-2.386968418797066e-8
1.275	-3.106742091057763e-8
1.25	-3.998724483361155e-8
1.225	-5.092888855419365e-8
1.2	-6.423793075328237e-8
1.1749999999999998	-8.026388757873538e-8
1.15	-9.944043676080603e-8
1.125	-1.22199512224298e-7
1.0999999999999999	-1.4903346776766226e-7
1.0750000000000002	-1.8047338062143208e-7
1.05	-2.1709741927696361e-7
1.0250000000000001	-2.595302931629117e-7
1.	-3.084546911157081e-7
0.9750000000000001	-3.64606191713038e-7
0.95	-4.287758856999665e-7
0.925	-5.018262828673774e-7
0.8999999999999999	-5.846751780848683e-7
0.875	-6.783220911632363e-7
0.8499999999999999	-7.838106349430885e-7
0.825	-9.023503717796335e-7
0.7999999999999998	-1.0351202812036255e-6
0.7750000000000001	-1.183440156744762e-6
0.7500000000000001	-1.3488006081770932e-6
0.7250000000000001	-1.5326394389099968e-6
0.7000000000000001	-1.7365843463700744e-6
0.675	-1.9624070682274002e-6
0.65	-2.2119359548731895e-6
0.625	-2.487150768560083e-6
0.6	-2.7901501890870416e-6
0.575	-3.123180000429228e-6
0.5499999999999999	-3.4886217419901175e-6
0.5249999999999999	-3.88901988416306e-6
0.4999999999999999	-4.3270701803833284e-6
0.47499999999999987	-4.805644327493382e-6
0.4500000000000001	-5.327781972831584e-6
0.4250000000000001	-5.896726798875157e-6
0.4000000000000001	-6.515892697878418e-6
0.37500000000000006	-7.188913723296856e-6
0.35000000000000003	-7.919649129648349e-6
0.325	-8.712154010263615e-6
0.3	-9.570751212331352e-6
0.27499999999999997	-0.000010499997332951407
0.24999999999999994	-0.000011504693408198072
0.22499999999999992	-0.000012589940831752641
0.1999999999999999	-0.000013761100383194696
0.17499999999999988	-0.000015023836680784773
0.15000000000000013	-0.00001638411853840483
0.1250000000000001	-0.00001784824532986343
0.10000000000000009	-0.000019422837114461156
0.07500000000000007	-0.000021114881697237974
0.050000000000000044	-0.000022931721075327982
0.025000000000000022	-0.00002488106293546546
0.	-0.000026971026172325927
2.5	1.473135456257023e-7
2.525	1.571791326729994e-7
2.55	1.6746418992719844e-7
2.575	1.7818610784391417e-7
2.6	1.89352215317309e-7
2.625	2.0096031620357095e-7
2.6500000000000004	2.1302856465282801e-7
2.6750000000000003	2.255628175356437e-7
2.7	2.3857276636564525e-7
2.725	2.520635852358086e-7
2.75	2.660489054524098e-7
2.7750000000000004	2.805335486836505e-7
2.8000000000000003	2.955257726177532e-7
2.8249999999999997	3.1102369096565274e-7
2.8500000000000005	3.2706695333721074e-7
2.875	3.436337233486143e-7
2.9	3.6074941375542134e-7
2.925	3.7841375806146885e-7
2.9499999999999997	3.966380512280739e-7
2.9749999999999996	4.1542957552750253e-7
3.	4.3480305743335775e-7
3.025	4.547584091454816e-7
3.05	4.7531211488058904e-7
3.075	4.964690680990143e-7
3.1	5.182400297817984e-7
3.125	5.406339745396975e-7
3.15	5.636586760291605e-7
3.175	5.873203742925239e-7
3.2	6.116355478272721e-7
3.225	6.366063424675272e-7
3.25	6.622422323745911e-7
3.2750000000000004	6.885598321024929e-7
3.3000000000000003	7.15549695487934e-7
3.325	7.432529597395974e-7
3.35	7.7165334849462e-7
3.375	8.007645959703463e-7
3.3999999999999995	8.305991046332795e-7
3.4250000000000003	8.611660470770952e-7
3.4499999999999997	8.924709502848498e-7
3.4750000000000005	9.245340573900708e-7
3.5	9.573540778095993e-7
3.525	9.909425825074642e-7
3.55	1.0253067158641045e-6
3.5749999999999997	1.0604649882715616e-6
3.5999999999999996	1.096424358735045e-6
3.625	1.1331882484700344e-6
3.65	1.1707704415937283e-6
3.675	1.209172877832363e-6
3.7	1.248425266821022e-6
3.725	1.2885210165248238e-6
3.75	1.32946616976094e-6
3.775	1.3712852821593064e-6
3.8	1.41397236563902e-6
3.825	1.4575661232423383e-6
3.85	1.5020598217122446e-6
3.875	1.5474293751260969e-6
3.9000000000000004	1.5937311449382114e-6
3.925	1.6409577744464732e-6
3.95	1.689125154312897e-6
3.9749999999999996	1.7382387816633514e-6
4.	1.7883057196594037e-6
4.0249999999999995	1.839346024116803e-6
4.050000000000001	1.891362715034771e-6
4.074999999999999	1.944367524332386e-6
4.1000000000000005	1.9983628988224297e-6
4.125	2.0532809471597457e-6
4.15	2.109409849619685e-6
4.175	2.1664663269038104e-6
4.2	2.2245732475232896e-6
4.225	2.28372042761693e-6
4.25	2.3439250268569175e-6
4.275	2.405214785830377e-6
4.3	2.467578621970763e-6
4.325	2.5310197377498286e-6
4.35	2.5955972935022876e-6
4.375	2.6612717035534994e-6
4.4	2.7280678683503062e-6
4.425	2.7960016257316877e-6
4.45	2.8650850430703643e-6
4.475	2.9353242593700154e-6
4.5	3.0067212955294615e-6
4.525	3.0793094600085757e-6
4.55	3.1530713892490576e-6
4.575	3.2280411775423226e-6
4.6	3.304220379232923e-6
4.625	3.381622910499641e-6
4.6499999999999995	3.46025535597568e-6
4.675000000000001	3.5401298797974903e-6
4.699999999999999	3.62125673948437e-6
4.7250000000000005	3.7036517825081444e-6
4.75	3.7873206426062997e-6
4.775	3.8722742988657015e-6
4.8	3.958529409610805e-6
4.825	4.046050560277483e-6
4.85	4.134971657708429e-6
4.875	4.225101754602134e-6
4.9	4.316710796221586e-6
4.925	4.409634812464418e-6
4.95	4.503881547434913e-6
4.975	4.599544095884003e-6
5.	4.696565546426963e-6
5.0249999999999995	4.794985574329237e-6
5.05	4.894816636222688e-6
5.075000000000001	4.996063664604536e-6
5.1	5.098753794780758e-6
5.125	5.2028819200617015e-6
5.15	5.308405923024561e-6
5.175000000000001	5.415437941796309e-6
5.2	5.523946450772504e-6
5.225	5.633920091933738e-6
5.25	5.745408880015598e-6
5.275	5.858392501235719e-6
5.300000000000001	5.972871381193957e-6
5.324999999999999	6.088905552266321e-6
5.35	6.206482326666179e-6
5.375	6.325601570234333e-6
5.4	6.446289582449638e-6
5.425	6.56846158377233e-6
5.449999999999999	6.692364376559626e-6
5.475	6.817758384467546e-6
5.5	6.944800835568021e-6
5.525	7.073456505197663e-6
5.549999999999999	7.203747284670536e-6
5.575	7.335617483117286e-6
5.6000000000000005	7.469255091924646e-6
5.625	7.60438223347089e-6
5.6499999999999995	7.741277084711737e-6
5.675	7.879838969788444e-6
5.700000000000001	8.020094008337621e-6
5.725	8.162028228329273e-6
5.75	8.305718512401069e-6
5.775	8.451109070929952e-6
5.800000000000001	8.59822205860415e-6
5.825	8.747090978175722e-6
5.85	8.89771125393811e-6
5.875	9.050101411196016e-6
5.9	9.204091602760046e-6
5.925000000000001	9.360211685591531e-6
5.949999999999999	9.517950533626146e-6
5.975	9.677495541176397e-6
6.	9.838813349430675e-6
6.025	0.000010002052731020156
6.05	0.00001016709087918758
6.074999999999999	0.000010333978236029569
6.1	0.000010502700646373895
6.125	0.000010673322709178523
6.15	0.000010845804364531755
6.174999999999999	0.000011020191812636258
6.2	0.000011196474738745646
6.2250000000000005	0.000011374653083536891
6.25	0.00001155475951004697
6.2749999999999995	0.000011736793875174136
6.3	0.000011920770930810385
6.325000000000001	0.000012106694955790237
6.35	0.000012294574910481744
6.375	0.00001248440577269911
6.4	0.000012676253235248467
6.425000000000001	0.000012870075536828122
6.45	0.00001306589842855695
6.475	0.000013263706413588205
6.5	0.000013463549309798033
6.525	0.000013665429677275794
6.550000000000001	0.000013869325582363025
6.574999999999999	0.000014075271266211803
6.6	0.0000142832975393248
6.625	0.000014493368314585074
6.65	0.000014705508309969061
6.675	0.00001491973247304258
6.699999999999999	0.000015136053284801119
6.725	0.000015354456902746983
6.75	0.00001557497962412082
6.775	0.000015797627185142866
6.799999999999999	0.000016022403770514517
6.825	0.00001624932356247246
6.8500000000000005	0.000016478356985107552
6.875	0.000016709586339907242
6.8999999999999995	0.00001694297294192514
6.925	0.000017178517949527327
6.950000000000001	0.000017416250287147826
6.975	0.00001765615726930576
7.	0.000017898269555920628
7.025	0.000018142604410544478
7.050000000000001	0.000018389092947266914
7.075	0.000018637860158336435
7.1	0.000018888851963395
7.125	0.000019142063527812192
7.15	0.000019397569981549688
7.175000000000001	0.000019655233028389632
7.199999999999999	0.000019915202247506115
7.225	0.0000201774521176893
7.25	0.00002044188335546357
7.275	0.00002070881370163016
7.3	0.00002097791824847478
7.324999999999999	0.000021249293701151337
7.35	0.00002152314583673744
7.375	0.00002179906134349516
7.4	0.000022077396675508168
7.424999999999999	0.0000223580497275964
7.45	0.00002264111126167514
7.4750000000000005	0.00002292645460140333
7.5	0.000023214182457319027