0.5	0.23861361123055605
0.495	0.23819097767679584
0.49	0.23776803049669362
0.485	0.2373447679064674
0.48	0.23692118840297288
0.475	0.23649729012079407
0.47	0.23607307131098013
0.46499999999999997	0.23564853033801816
0.46	0.23522366546239118
0.455	0.23479847473552334
0.45	0.23437295641597952
0.445	0.23394710890568607
0.44	0.2335209300261714
0.435	0.2330944179562939
0.43	0.23266757087457718
0.425	0.23224038684201403
0.42	0.23181286400048967
0.415	0.23138500043120025
0.41000000000000003	0.23095679358526744
0.405	0.2305282425669441
0.4	0.23009934440475113
0.395	0.22967009720958545
0.39	0.22924049895787899
0.385	0.22881054780158364
0.38	0.2283802411922364
0.375	0.22794957715619427
0.37	0.22751855341818034
0.365	0.22708716816526728
0.36	0.22665541839855888
0.355	0.22622330243511357
0.35	0.2257908177285549
0.345	0.22535796199268132
0.33999999999999997	0.22492473267726268
0.33499999999999996	0.22449112780417718
0.32999999999999996	0.2240571443204849
0.325	0.22362278061995508
0.32	0.2231880331391011
0.315	0.22275290056112318
0.31	0.22231737936275595
0.305	0.22188146719355403
0.3	0.22144516128268638
0.29500000000000004	0.22100845877748454
0.29000000000000004	0.22057135811884804
0.28500000000000003	0.2201338568127343
0.28	0.21969594946571872
0.275	0.21925763472013504
0.27	0.2188189083961036
0.265	0.21837976990610353
0.26	0.2179402156587519
0.255	0.2175002420469725
0.25	0.21705984625078653
0.245	0.21661902575182448
0.24	0.21617777571493807
0.235	0.2157360951566804
0.22999999999999998	0.21529397873887804
0.22499999999999998	0.21485142456325781
0.21999999999999997	0.21440842893410453
0.21500000000000002	0.21396498871010247
0.21000000000000002	0.21352109982957956
0.20500000000000002	0.2130767590470549
0.2	0.21263196357489628
0.195	0.2121867089365634
0.19	0.21174099165389756
0.185	0.21129480780257956
0.18	0.2108481546702649
0.175	0.2104010266795684
0.16999999999999998	0.20995342129269018
0.16499999999999998	0.2095053353321077
0.15999999999999998	0.20905676205398294
0.15500000000000003	0.20860770096281073
0.15000000000000002	0.20815814344541256
0.14500000000000002	0.20770809064242812
0.14	0.2072575337787084
0.135	0.20680647134798724
0.13	0.20635489770714696
0.125	0.20590280852920184
0.12	0.20545019930880867
0.11499999999999999	0.20499706524528202
0.10999999999999999	0.20454340134991564
0.10499999999999998	0.20408920530365732
0.09999999999999998	0.2036344693310802
0.09499999999999997	0.20317918975910298
0.09000000000000002	0.2027233618299807
0.08500000000000002	0.2022669802991595
0.08000000000000002	0.20181003983783813
0.07500000000000001	0.20135253525795074
0.07	0.20089446174847436
0.065	0.20043581350354187
0.06	0.19997658565469628
0.05499999999999999	0.1995167721228163
0.04999999999999999	0.19905636760275175
0.044999999999999984	0.19859536582226917
0.03999999999999998	0.19813376232029717
0.034999999999999976	0.19767155024988173
0.030000000000000027	0.19720872391778815
0.025000000000000022	0.19674527706118733
0.020000000000000018	0.1962812041922376
0.015000000000000013	0.19581649914316385
0.010000000000000009	0.19535115504627965
0.0050000000000000044	0.1948851656836041
0.	0.1944185250112221
0.5	0.23861361123055605
0.505	0.2390359326759961
0.51	0.23945794395671055
0.515	0.239879646593487
0.52	0.2403010416071232
0.525	0.2407221310944292
0.53	0.2411429172268857
0.535	0.2415634001090613
0.54	0.24198358282053034
0.545	0.242403465619288
0.55	0.24282305101763385
0.555	0.24324233969085698
0.56	0.24366133335506357
0.565	0.24408003357837893
0.5700000000000001	0.24449844181838223
0.575	0.2449165594478668
0.58	0.24533438805897803
0.585	0.24575192892851433
0.59	0.2461691830971417
0.595	0.24658615249101848
0.6	0.24700283816431803
0.605	0.24741924155371692
0.61	0.24783536394191572
0.615	0.24825120658594382
0.62	0.24866677116491928
0.625	0.24908205858900276
0.63	0.24949707026416357
0.635	0.2499118072205179
0.64	0.25032627123677137
0.645	0.25074046297895997
0.65	0.25115438429749315
0.655	0.2515680362269098
0.66	0.2519814195922027
0.665	0.25239453578440607
0.67	0.25280738649201817
0.675	0.253219972406629
0.6799999999999999	0.2536322947343532
0.685	0.25404435474231224
0.69	0.2544561533573951
0.6950000000000001	0.25486769221679795
0.7	0.25527897214827233
0.705	0.2556899942289368
0.71	0.2561007595822275
0.715	0.2565112693411466
0.72	0.2569215245600639
0.725	0.2573315266118152
0.73	0.2577412762644142
0.735	0.25815077461240543
0.74	0.2585600229461547
0.745	0.2589690218874153
0.75	0.2593777730081348
0.755	0.2597862769579585
0.76	0.26019453492729283
0.765	0.2606025479266297
0.77	0.261010316841131
0.775	0.26141784290344416
0.78	0.26182512687007276
0.7849999999999999	0.2622321699847254
0.79	0.26263897296729805
0.7949999999999999	0.26304553676654313
0.8	0.263451862705394
0.8049999999999999	0.2638579513293482
0.81	0.2642638038581591
0.815	0.2646694211134013
0.8200000000000001	0.26507480417512147
0.825	0.26547995382635853
0.8300000000000001	0.26588487099863206
0.835	0.26628955667654985
0.8400000000000001	0.2666940116728835
0.845	0.2670982369409484
0.85	0.26750223354493186
0.855	0.2679060019731787
0.86	0.268309543401402
0.865	0.2687128586953211
0.87	0.2691159486224789
0.875	0.2695188141136979
0.88	0.26992145608420626
0.885	0.2703238753503642
0.89	0.27072607256954456
0.895	0.27112804888390046
0.9	0.27152980484460315
0.905	0.2719313413108478
0.9099999999999999	0.27233265953735125
0.915	0.2727337598098614
0.9199999999999999	0.2731346431248302
0.925	0.2735353101052948
0.9299999999999999	0.2739357620393488
0.935	0.2743359993089928
0.94	0.27473602297705446
0.9450000000000001	0.27513583341373515
0.95	0.2755354318856379
0.9550000000000001	0.2759348190128449
0.96	0.27633399540320286
0.9650000000000001	0.2767329617782688
0.97	0.2771317192122947
0.975	0.2775302682859731
0.98	0.2779286097919884
0.985	0.27832674431752613
0.99	0.2787246728213187
0.995	0.27912239588353005
1.	0.27951991427851475