5.	0.1280130692444002
4.95	0.12789091360233606
4.9	0.12776866479791088
4.85	0.12764632236100787
4.8	0.1275238861886005
4.75	0.12740135542744374
4.699999999999999	0.12727872969442963
4.6499999999999995	0.12715600833051371
4.6000000000000005	0.12703319085821052
4.55	0.1269102767106757
4.5	0.12678726529684692
4.45	0.12666415621653812
4.4	0.12654094863613108
4.35	0.12641764205541708
4.3	0.1262942360162907
4.25	0.1261707297477015
4.2	0.12604712286294262
4.1499999999999995	0.12592341463067536
4.1000000000000005	0.12579960459782025
4.050000000000001	0.1256756919434714
4.	0.12555167620666086
3.95	0.1254275566937093
3.9000000000000004	0.12530333286083134
3.85	0.1251790039353625
3.8	0.12505456939872597
3.75	0.12493002857831342
3.7	0.12480538079717628
3.65	0.12468062543454084
3.5999999999999996	0.12455576180844179
3.55	0.12443078922322887
3.5	0.12430570706391983
3.4499999999999997	0.12418051437844843
3.3999999999999995	0.1240552109780043
3.3499999999999996	0.12392979565635176
3.3	0.12380426804528914
3.25	0.12367862754217315
3.2	0.12355287275743909
3.15	0.12342700366251529
3.1	0.1233010193909906
3.05	0.1231749186853787
3.	0.12304870137848978
2.95	0.1229223664996657
2.9000000000000004	0.12279591331858525
2.8500000000000005	0.12266934103166977
2.8000000000000003	0.12254264889295104
2.75	0.12241583603248721
2.7	0.1222889016763453
2.6500000000000004	0.12216184501822122
2.6	0.12203466525981302
2.55	0.12190736154231246
2.5	0.12177993302952944
2.45	0.12165237892688971
2.4	0.12152469833074364
2.3499999999999996	0.12139689038880103
2.3	0.12126895421137435
2.25	0.12114088895488397
2.1999999999999997	0.12101269367333475
2.1500000000000004	0.12088436749944641
2.1	0.1207559094516155
2.0500000000000003	0.12062731866383954
2.	0.12049859444202318
1.9500000000000002	0.12036973534732469
1.9	0.120240740403179
1.85	0.12011160918930593
1.7999999999999998	0.11998234035495296
1.75	0.1198529330108832
1.6999999999999997	0.11972338618449138
1.65	0.11959369889736156
1.5999999999999996	0.11946386965209359
1.5500000000000003	0.11933389811064221
1.5000000000000002	0.11920378264930855
1.4500000000000002	0.1190735226172581
1.4000000000000001	0.11894311667332577
1.35	0.11881256384561577
1.3	0.11868186297494865
1.25	0.11855101329463481
1.2	0.11842001288488864
1.15	0.11828886115155168
1.0999999999999999	0.11815755672671596
1.0499999999999998	0.11802609870528884
0.9999999999999998	0.11789448603777715
0.9499999999999997	0.11776271661857979
0.9000000000000002	0.11763079035425619
0.8500000000000002	0.11749870518873713
0.8000000000000002	0.1173664602120136
0.7500000000000001	0.11723405403584236
0.7000000000000001	0.11710148536060166
0.65	0.11696875307382737
0.6	0.11683585573780345
0.5499999999999999	0.11670279189499501
0.4999999999999999	0.1165695604229345
0.44999999999999984	0.11643615987558062
0.3999999999999998	0.11630258880379332
0.34999999999999976	0.11616884581390202
0.30000000000000027	0.11603492943792137
0.2500000000000002	0.11590083838131067
0.20000000000000018	0.11576657092083084
0.15000000000000013	0.11563212561044209
0.10000000000000009	0.11549750122887907
0.050000000000000044	0.11536269591834775
0.	0.11522770830907954
5.	0.1280130692444002
5.05	0.1281351327497558
5.1	0.1282571043236242
5.15	0.12837898476528006
5.2	0.12850077412557726
5.25	0.12862247311570102
5.300000000000001	0.12874408193278572
5.3500000000000005	0.12886560188954557
5.4	0.12898703242425189
5.45	0.12910837479746004
5.5	0.12922962950044256
5.550000000000001	0.12935079623977813
5.6000000000000005	0.12947187620429493
5.6499999999999995	0.12959286966588857
5.700000000000001	0.12971377729080372
5.75	0.12983459883633272
5.8	0.12995533547694715
5.85	0.13007598737321016
5.8999999999999995	0.13019655500138708
5.949999999999999	0.13031703886021145
6.	0.13043743933163807
6.05	0.13055775676989256
6.1	0.1306779917431052
6.15	0.13079814464280265
6.2	0.13091821589938948
6.25	0.13103820595476204
6.3	0.13115811502789507
6.35	0.13127794378036237
6.4	0.13139769247326305
6.45	0.1315173616520416
6.5	0.13163695158136685
6.550000000000001	0.13175646275752295
6.6000000000000005	0.13187589551736983
6.65	0.13199525015581642
6.7	0.1321145272934463
6.75	0.1322337271859616
6.799999999999999	0.13235285017170356
6.8500000000000005	0.13247189677814564
6.8999999999999995	0.13259086724491242
6.950000000000001	0.1327097619669171
7.	0.13282858137257383
7.05	0.13294732580066815
7.1	0.13306599562991078
7.1499999999999995	0.1331845911978981
7.199999999999999	0.1333031128904803
7.25	0.13342156087442256
7.3	0.13353993596720468
7.35	0.13365823817844658
7.4	0.13377646778241492
7.45	0.13389462525804893
7.5	0.13401271096236714
7.55	0.13413072522066705
7.6	0.1342486683799097
7.65	0.13436654075895307
7.7	0.13448434267903442
7.75	0.13460207448271178
7.800000000000001	0.1347197364879286
7.85	0.1348373290344069
7.9	0.13495485251780204
7.949999999999999	0.13507230701692544
8.	0.1351896930449726
8.049999999999999	0.1353070108544438
8.100000000000001	0.13542426093321835
8.149999999999999	0.13554144339323368
8.200000000000001	0.13565855856270037
8.25	0.13577560673726624
8.3	0.13589258820074163
8.35	0.1360095034043077
8.4	0.13612635255448108
8.45	0.13624313608588465
8.5	0.13635985401713976
8.55	0.1364765068171479
8.6	0.13659309447949317
8.65	0.13670961796648295
8.7	0.1368260769679675
8.75	0.13694247198513462
8.8	0.1370588032210438
8.85	0.13717507086201444
8.9	0.13729127557744464
8.95	0.13740741729023806
9.	0.1375234962228542
9.05	0.13763951305288114
9.1	0.13775546755504833
9.15	0.13787136047221302
9.2	0.137987191702722
9.25	0.138102961704172
9.299999999999999	0.13821867060776377
9.350000000000001	0.13833431859617143
9.399999999999999	0.13844990624993325
9.450000000000001	0.13856543360466686
9.5	0.13868090102213865
9.55	0.13879630884995844
9.6	0.1389116570070005
9.65	0.1390269459237276
9.7	0.13914217584401534
9.75	0.13925734686788607
9.8	0.13937245949981394
9.85	0.13948751396992606
9.9	0.13960251037709215
9.95	0.13971744904194933
10.	0.13983233007240892
10.049999999999999	0.1399471539810418
10.1	0.14006192047596036
10.150000000000002	0.14017663054918572
10.2	0.14029128356735496
10.25	0.14040588051106737
10.3	0.14052042148704819
10.350000000000001	0.14063490602090914
10.4	0.14074933521294156
10.45	0.1408637090891868
10.5	0.1409780274877903
10.55	0.14109229070846208
10.600000000000001	0.14120649927327353
10.649999999999999	0.1413206532370993
10.7	0.14143475310894174
10.75	0.14154879842171958
10.8	0.1416627901319974
10.85	0.14177672776682784
10.899999999999999	0.14189061233493488
10.95	0.14200444307808036
11.	0.14211822093565213
11.05	0.14223194594022937
11.099999999999998	0.14234561852425953
11.15	0.14245923814752837
11.200000000000001	0.1425728057487102
11.25	0.14268632150697005
11.299999999999999	0.14279978511412386
11.35	0.1429131971005434
11.400000000000002	0.14302655758155983
11.45	0.1431398667441985
11.5	0.14325312453324587
11.55	0.1433663321082372
11.600000000000001	0.14347948857391227
11.65	0.1435925945496287
11.7	0.1437056500787147
11.75	0.1438186557048421
11.8	0.14393161135558621
11.850000000000001	0.14404451758079884
11.899999999999999	0.14415737396550993
11.95	0.144270180814945
12.	0.1443829383847319
12.05	0.14449564744702215
12.1	0.1446083074512762
12.149999999999999	0.14472091841160195
12.2	0.1448334815056077
12.25	0.14494599581767828
12.3	0.1450584625587397
12.349999999999998	0.14517088075970283
12.4	0.1452832517077934
12.450000000000001	0.14539557465801195
12.5	0.14550785043019038
12.549999999999999	0.14562007895183549
12.6	0.14573226070961132
12.650000000000002	0.1458443952719479
12.7	0.14595648276682727
12.75	0.1460685240207517
12.8	0.1461805190879422
12.850000000000001	0.1462924678413197
12.9	0.1464043701075287
12.95	0.1465162269848558
13.	0.14662803828796228
13.05	0.14673980305543313
13.100000000000001	0.14685152351279332
13.149999999999999	0.14696319805170127
13.2	0.14707482767363345
13.25	0.14718641207439442
13.3	0.1472979518728543
13.35	0.147409447440063
13.399999999999999	0.14752089797056908
13.45	0.14763230476048622
13.5	0.14774366731452396
13.55	0.14785498517973625
13.599999999999998	0.1479662601023356
13.65	0.14807749094658737
13.700000000000001	0.14818867802655014
13.75	0.1482998220220037
13.799999999999999	0.14841092220934735
13.85	0.14852197971009312
13.900000000000002	0.14863299423992307
13.95	0.14874396597900477
14.	0.1488548955186061
14.05	0.14896578210164796
14.100000000000001	0.1490766261585697
14.15	0.1491874278346457
14.2	0.14929818813543494
14.25	0.149408905972123
14.3	0.14951958213288594
14.350000000000001	0.14963021688208628
14.399999999999999	0.1497408097416706
14.45	0.14985136109343314
14.5	0.14996187149457685
14.55	0.15007234022766605
14.6	0.1501827689645833
14.649999999999999	0.15029315631470694
14.7	0.15040350302095734
14.75	0.15051380917341947
14.8	0.15062407419239646
14.849999999999998	0.15073430023017656
14.9	0.15084448475438347
14.950000000000001	0.15095463055218886
15.	0.1510647355865763