30.	0.1982978479770926
29.8	0.19917926994115764
29.6	0.20007318760559664
29.4	0.20097984302534472
29.2	0.20189948446945274
29.	0.20283236606477723
28.8	0.20377874898700304
28.6	0.20473890044230333
28.4	0.20571309486988554
28.2	0.20670161345577642
28.	0.20770474473038708
27.8	0.2087227847436275
27.6	0.20975603709507262
27.4	0.21080481373124782
27.2	0.2118694340770826
27.	0.21295022701475813
26.8	0.21404752962635487
26.6	0.21516168791541837
26.4	0.21629305772183366
26.2	0.21744200410305164
26.	0.2186089022798039
25.8	0.21979413803645567
25.6	0.22099810751914442
25.4	0.22222121799530045
25.2	0.22346388821008537
25.	0.2247265488264752
24.8	0.2260096424038067
24.6	0.22731362418073295
24.4	0.22863896320152632
24.2	0.22998614099593126
24.	0.2313556540601231
23.8	0.23274801295943448
23.6	0.23416374335177764
23.4	0.23560338637710404
23.2	0.23706750008488903
23.	0.23855665826451594
22.8	0.24007145283693193
22.6	0.24161249348150668
22.4	0.24318040859965673
22.2	0.24477584592489898
22.	0.24639947392523898
21.8	0.2480519808906438
21.6	0.24973407771523598
21.4	0.2514464978823429
21.2	0.2531899971600295
21.	0.25496535732374853
20.8	0.25677338381461956
20.6	0.25861490919343527
20.4	0.2604907933269121
20.2	0.2624019243662149
20.	0.2643492198745306
19.8	0.26633362776272523
19.6	0.2683561282413795
19.4	0.2704177351049104
19.2	0.27251949610537324
19.	0.27466249531574016
18.8	0.27684785394951456
18.6	0.27907673212443757
18.4	0.28135033119456954
18.2	0.28366989379700086
18.	0.2860367081281943
17.8	0.2884521061468593
17.6	0.2909174694107159
17.4	0.29343422836167893
17.2	0.29600386487485497
17.	0.29862791608650385
16.8	0.30130797340186105
16.6	0.3040456892847118
16.4	0.3068427754467737
16.2	0.30970100675529116
16.	0.3126222257541861
15.8	0.31560834309119096
15.6	0.3186613410483785
15.4	0.32178327630923365
15.2	0.3249762828945579
15.	0.3282425761159254
14.8	0.33158445352149246
14.6	0.335004300818873
14.4	0.33850459327829885
14.2	0.3420878975747412
14.	0.3457568788630069
13.8	0.34951429997461964
13.6	0.3533630264757896
13.4	0.35730602950842155
13.2	0.361346386997373
13.	0.36548728699455096
12.8	0.3697320295458058
12.6	0.37408402632236293
12.4	0.3785468055424249
12.2	0.38312400610674563
12.	0.3878193800575883
11.8	0.3926367879438609
11.6	0.39758019520394255
11.4	0.40265366499806043
11.2	0.4078613489511292
11.	0.4132074747331373
10.8	0.41869632954559466
10.6	0.42433223846432844
10.4	0.43011953721882973
10.2	0.43606253888036844
10.	0.44216549116898046
9.8	0.4484325241729856
9.6	0.4548675888317232
9.4	0.4614743774027319
9.2	0.4682562370523493
9.	0.47521606146728207
8.8	0.48235617015711935
8.6	0.4896781716150225
8.4	0.49718281325793134
8.2	0.5048698254715647
8.	0.5127377676305005
7.8	0.5207838870514
7.6	0.5290040105147106
7.4	0.5373924851516092
7.2	0.545942192684299
7.	0.5546446408640123
6.8	0.5634901410308865
6.6	0.5724680404315025
6.4	0.5815669690288605
6.2	0.5907750080822898
6.	0.600079690235232
5.8	0.6094677172866084
5.6	0.6189242967823376
5.4	0.628431970901274
5.2	0.6379689114309292
5.	0.6475065109130318
30.	0.1982978479770926
30.2	0.1974286849636706
30.4	0.19657155058585057
30.6	0.19572621973902954
30.8	0.19489247245060567
31.	0.1940700943119788
31.2	0.1932588755819038
31.4	0.19245861190251717
31.6	0.1916691030386713
31.8	0.19089015403877518
32.	0.19012157410139516
32.2	0.1893631768419474
32.4	0.18861477991710798
32.6	0.18787620550976641
32.8	0.18714727963980024
33.	0.18642783230649626
33.2	0.1857176970305716
33.4	0.1850167113924695
33.6	0.1843247162762768
33.8	0.18364155616124408
34.	0.18296707913895494
34.2	0.18230113633359601
34.4	0.18164358227583663
34.6	0.18099427439830354
34.8	0.18035307350299576
35.	0.17971984313555656
35.2	0.1790944498949421
35.4	0.17847676311010824
35.6	0.17786665486497863
35.8	0.17726399993726813
36.	0.1766686758419732
36.2	0.17608056243325101
36.4	0.1754995421512881
36.6	0.17492549990367665
36.8	0.17435832288744793
37.	0.17379790055820304
37.2	0.17324412477645074
37.4	0.17269688941693329
37.6	0.17215609061836962
37.8	0.17162162647657953
38.	0.1710933973125227
38.2	0.17057130519290267
38.4	0.17005525430780044
38.6	0.16954515058825045
38.8	0.16904090194754606
39.	0.16854241805515058
39.2	0.168049610192578
39.4	0.16756239155917113
39.6	0.16708067701106927
39.8	0.16660438285152926
40.	0.16613342715653925
40.2	0.1656677295587985
40.4	0.16520721114236003
40.6	0.16475179444949173
40.8	0.1643014036411929
41.	0.1638559640907676
41.2	0.16341540272186947
41.4	0.1629796477455853
41.6	0.16254862871205805
41.8	0.16212227648032929
42.	0.16170052319551712
42.2	0.1612833021601166
42.4	0.1608705480081948
42.6	0.1604621964626874
42.8	0.1600581844612285
43.	0.15965845007523563
43.2	0.15926293242116515
43.4	0.15887157180770028
43.6	0.15848430952036602
43.8	0.15810108794247354
44.	0.1577218504110272
44.2	0.1573465412988901
44.4	0.15697510600779738
44.6	0.15660749071978072
44.8	0.15624364285328765
45.	0.15588351037856724
45.2	0.15552704243085386
45.4	0.15517418888675846
45.6	0.15482490054470402
45.8	0.1544791290358605
46.	0.15413682677321144
46.2	0.15379794701116886
46.4	0.15346244377449056
46.6	0.15313027185918063
46.8	0.15280138694722428
47.	0.15247574522905902
47.2	0.15215330379903017
47.4	0.151834020346432
47.6	0.15151785339555274
47.8	0.15120476204972802
48.	0.1508947060885692
48.2	0.1505876460228248
48.4	0.15028354298155822
48.6	0.149982358650796
48.8	0.14968405529972037
49.	0.14938859611874034
49.2	0.14909594455036165
49.4	0.14880606479162858
49.6	0.1485189215052953
49.8	0.1482344799022184
50.	0.14795270597872753